0 1 12 41
0 1 12 42
0 1 19 21
0 1 33 12
0 1 46 35
0 1 46 36
0 1 47 18
0 6 20 40
0 7 34 25
0 9 35 25
0 11 41 56
0 2 43 56
0 10 46 33
0 3 25 31
0 3 39 59
0 4 33 13
0 4 45 47
0 5 45 18
0 5 45 19
0 12 34 33
1 6 28 13
1 6 41 65
1 6 50 10
1 6 52 18
1 7 32 52
1 7 32 53
1 7 39 29
1 7 40 28
1 8 49 38
1 8 50 38
1 8 51 39
1 9 43 39
1 9 44 54
1 10 48 55
1 10 49 53
1 11 18 41
2 1 15 13
2 1 23 9
2 1 23 10
2 1 29 77
2 1 30 79
2 1 33 80
2 1 38 14
2 1 39 14
2 1 43 28
2 1 43 29
2 1 43 30
2 1 43 31
2 2 42 34
2 3 34 65
2 4 11 41
2 4 15 61
2 6 6 94
2 8 21 21
2 10 23 41
2 11 35 12
3 1 10 98
3 1 10 99
3 1 11 99
3 1 11 100
3 1 15 28
3 1 15 29
3 1 16 27
3 1 16 28
3 1 16 29
3 1 16 30
3 1 17 27
3 1 17 28
3 1 17 29
3 1 17 30
3 1 18 28
3 1 18 30
3 1 19 30
3 1 43 101
3 1 44 100
3 1 45 100
3 4 27 45
3 5 26 28
3 5 43 92
3 6 47 88
3 7 39 8
3 8 20 11
3 9 9 62
3 9 10 64
3 10 15 56
3 11 36 74
3 12 35 74
3 12 35 75
3 12 35 76
3 12 36 75
3 12 36 76
5 1 12 32
5 1 12 33
5 1 12 34
5 1 12 35
5 1 12 36
5 1 12 37
5 1 12 38
5 1 12 39
5 1 12 40
5 1 12 41
5 1 12 42
5 1 12 43
5 1 12 44
5 1 12 45
5 1 12 46
5 1 12 47
5 1 12 48
5 1 12 49
5 1 12 50
5 1 12 51
5 1 12 52
5 1 12 53
5 1 12 54
5 1 12 55
5 1 12 56
5 1 12 57
5 1 12 58
5 1 12 59
5 1 12 60
5 1 12 61
5 1 12 62
5 1 12 63
5 1 12 64
5 1 12 65
5 1 12 66
5 1 12 67
5 1 12 68
5 1 12 69
5 1 12 70
5 1 12 71
5 1 12 72
5 1 12 73
5 1 12 74
5 1 12 75
5 1 12 76
5 1 12 77
5 1 13 32
5 1 13 77
5 1 14 32
5 1 14 77
5 1 15 32
5 1 15 37
5 1 15 38
5 1 15 39
5 1 15 40
5 1 15 41
5 1 15 42
5 1 15 52
5 1 15 53
5 1 15 54
5 1 15 55
5 1 15 56
5 1 15 57
5 1 15 67
5 1 15 68
5 1 15 69
5 1 15 70
5 1 15 71
5 1 15 72
5 1 15 77
5 1 16 32
5 1 16 37
5 1 16 42
5 1 16 52
5 1 16 57
5 1 16 67
5 1 16 72
5 1 16 77
5 1 17 32
5 1 17 37
5 1 17 42
5 1 17 52
5 1 17 57
5 1 17 67
5 1 33 67
5 1 33 72
5 1 33 77
5 1 34 32
5 1 34 37
5 1 34 38
5 1 34 39
5 1 34 40
5 1 34 41
5 1 34 42
5 1 34 52
5 1 34 53
5 1 34 54
5 1 34 55
5 1 34 56
5 1 34 57
5 1 34 67
5 1 34 68
5 1 34 69
5 1 34 70
5 1 34 71
5 1 34 72
5 1 34 77
5 1 35 32
5 1 35 77
5 1 47 51
5 1 47 52
5 1 47 53
5 1 47 56
5 1 47 57
5 1 47 58
5 1 47 59
5 1 47 60
5 1 47 61
5 1 47 62
5 1 47 63
5 1 47 64
5 1 47 65
5 1 47 66
5 1 47 67
5 1 47 68
5 1 47 69
5 1 47 70
5 1 47 71
5 1 47 72
5 1 47 73
5 1 47 74
5 1 47 75
5 1 47 76
5 1 47 77
4 4 2 52
4 4 2 54
4 4 3 53
4 4 4 54
4 4 8 21
4 4 8 34
4 4 8 36
4 4 9 22
4 4 9 36
4 4 12 90
4 4 13 90
4 4 13 92
4 4 14 11
4 4 15 12
4 4 16 11
4 4 20 8
4 4 21 7
4 4 24 102
4 4 25 16
4 4 25 67
4 4 25 101
4 4 25 102
4 4 26 16
4 4 26 99
4 4 26 101
4 4 27 13
4 4 27 65
4 4 27 66
4 4 29 64
4 4 30 48
4 4 30 49
4 4 30 50
4 4 31 47
4 4 31 51
4 4 31 60
4 4 32 61
4 4 39 35
4 4 40 32
4 4 40 35
4 4 43 8
4 4 44 7
4 4 44 9
4 4 45 94
4 4 46 38
4 4 47 6
4 4 47 37
4 4 48 28
4 4 48 32
4 4 48 96
4 4 49 96
4 4 49 100
4 4 50 6
4 4 50 101
4 4 51 56
4 4 51 83
4 4 51 102
4 4 52 47
4 4 52 57
4 4 53 47
4 4 56 34
4 4 56 91
4 4 57 10
4 4 57 11
4 4 57 33
4 4 57 43
4 4 57 81
4 4 57 85
4 4 57 89
4 4 58 44
4 4 58 45
4 5 1 27
4 5 1 30
4 5 1 31
4 5 1 32
4 5 2 27
4 5 2 60
4 5 2 82
4 5 3 81
4 5 4 58
4 5 6 82
4 5 7 6
4 5 7 7
4 5 7 9
4 5 8 25
4 5 8 26
4 5 8 57
4 5 8 92
4 5 9 61
4 5 9 93
4 5 12 38
4 5 12 39
4 5 16 97
4 5 25 13
4 5 25 29
4 5 27 17
4 5 27 18
4 5 27 33
4 5 28 16
4 5 28 20
4 5 28 30
4 5 28 32
4 5 29 27
4 5 29 34
4 5 30 96
4 5 31 7
4 5 34 7
4 5 37 7
4 5 42 20
4 5 44 18
4 5 44 19
4 5 44 90
4 5 44 91
4 5 45 95
4 5 45 96
4 5 46 90
4 5 49 66
4 5 50 64
4 5 50 84
4 5 50 98
4 5 51 52
4 5 51 96
4 5 52 73
4 5 53 48
4 5 53 63
4 5 53 72
4 5 56 7
4 5 56 16
4 5 56 21
4 5 56 24
4 5 57 8
4 5 57 16
4 5 57 25
4 5 57 48
4 5 58 47