0 757 37 45
0 757 37 46
0 757 37 47
0 757 37 48
0 757 37 49
0 757 37 50
0 757 37 51
0 757 38 45
0 757 38 46
0 757 38 47
0 757 38 48
0 757 38 49
0 757 38 50
0 757 38 51
0 757 38 52
0 757 38 53
0 757 39 45
0 757 39 46
0 757 39 47
0 757 39 48
0 757 39 49
0 757 39 50
0 757 39 51
0 757 39 52
0 757 39 53
0 757 39 54
0 757 39 55
0 757 40 49
0 757 40 50
0 757 40 51
0 757 40 52
0 757 40 53
0 757 40 54
0 757 40 55
0 757 42 29
0 757 42 30
0 757 42 31
0 757 42 32
0 757 42 33
0 757 42 34
0 757 43 27
0 757 43 28
0 757 43 29
0 757 43 30
0 757 43 31
0 757 43 32
0 757 44 28
0 757 44 29
0 757 44 30
0 757 44 31
0 757 44 32
0 757 45 29
0 757 45 30
0 757 45 31
0 757 45 32
0 757 45 33
0 757 46 31
0 757 46 32
0 757 46 33
0 757 46 34
0 757 46 35
0 757 46 36
0 757 46 37
0 757 46 38
0 757 47 32
0 757 47 33
0 757 47 34
0 757 47 35
0 757 47 36
0 757 47 37
0 757 48 34
0 757 48 35
0 757 48 36
0 757 48 76
0 757 49 75
0 757 49 76
0 757 49 77
0 757 50 75
0 757 50 76
0 757 50 77
0 757 51 75
0 757 51 76
0 757 51 77
0 757 51 79
0 757 52 75
0 757 52 76
0 757 52 77
0 757 52 78
0 757 52 79
0 757 53 76
0 757 53 77
0 757 53 78
0 757 53 79
0 757 53 80
0 757 54 79
0 757 54 80
0 757 54 81
0 757 55 79
0 757 55 80
0 757 55 81
0 757 55 82
0 757 55 83
0 757 56 80
0 757 56 81
0 757 56 82
0 757 56 83
0 757 56 84
0 757 57 81
0 757 57 82
0 757 57 83
0 757 57 84
0 757 57 85
0 757 57 86
0 757 63 81
0 757 63 82
0 757 63 83
0 757 63 84
0 757 64 78
0 757 64 79
0 757 64 80
0 757 64 81
0 757 64 82
0 757 64 83
0 757 64 84
0 757 65 77
0 757 65 78
0 757 65 79
0 757 65 80
0 757 65 81
0 757 65 82
0 757 65 83
0 757 65 84
0 757 66 76
0 757 66 77
0 757 66 78
0 757 66 79
0 757 66 80
0 757 66 81
0 757 66 82
0 757 66 83
0 757 67 75
0 757 67 76
0 757 67 77
0 757 67 78
0 757 67 79
0 757 67 80
0 757 67 81
0 757 67 82
0 757 68 74
0 757 68 75
0 757 68 76
0 757 68 77
0 757 68 78
0 757 68 79
0 757 68 80
0 757 68 81
0 757 69 73
0 757 69 74
0 757 69 75
0 757 69 76
0 757 69 77
0 757 69 78
0 757 69 79
0 757 69 80
0 757 70 74
0 757 70 75
0 757 70 76
0 757 70 77
0 757 70 78
0 757 70 79
0 757 71 75
0 757 71 76
0 757 71 77
0 757 74 39
0 757 74 40
0 757 74 41
0 757 74 42
0 757 75 38
0 757 75 39
0 757 75 40
0 757 75 41
0 757 75 42
0 757 76 36
0 757 76 37
0 757 76 38
0 757 76 39
0 757 76 40
0 757 76 41
0 757 76 42
0 757 77 34
0 757 77 35
0 757 77 36
0 757 77 37
0 757 77 38
0 757 77 39
0 757 77 40
0 757 77 41
0 757 77 42
0 757 78 36
0 757 78 37
0 757 78 38
0 757 78 39
0 757 78 40
0 757 78 41
0 757 79 38
0 757 79 39
0 757 79 40
0 757 80 39
0 838 19 64
0 838 19 65
0 838 19 66
0 838 19 67
0 838 19 68
0 838 19 69
0 838 20 64
0 838 20 65
0 838 20 66
0 838 20 67
0 838 20 68
0 838 20 69
0 838 20 70
0 838 20 71
0 838 21 65
0 838 21 66
0 838 21 67
0 838 21 68
0 838 21 69
0 838 21 70
0 838 24 73
0 838 24 74
0 838 24 75
0 838 39 37
0 838 40 9
0 838 40 10
0 838 40 11
0 838 40 29
0 838 40 30
0 838 40 31
0 838 44 14
0 838 44 23
0 838 44 24
0 838 44 25
0 838 44 26
0 838 44 27
0 838 45 10
0 838 45 11
0 838 45 12
0 838 45 13
0 838 45 14
0 838 45 22
0 838 45 23
0 838 45 24
0 838 45 25
0 838 46 11
0 838 46 12
0 838 46 13
0 838 46 14
0 838 46 15
0 838 46 21
0 838 46 22
0 838 46 23
0 838 47 11
0 838 47 12
0 838 47 13
0 838 47 14
0 838 47 15
0 838 47 21
0 838 47 22
0 838 47 23
0 838 48 12
0 838 48 13
0 838 48 14
0 838 48 15
0 838 48 16
0 838 49 13
0 838 54 18
0 838 54 19
0 838 54 20
0 838 55 16
0 838 55 17
0 838 55 18
0 838 55 19
0 838 81 22
0 838 81 23
0 838 81 24
0 838 82 18
0 838 82 19
0 838 82 20
0 838 82 21
0 838 82 22
0 838 83 15
0 838 83 16
0 838 83 17
0 838 83 18
0 838 83 19
0 838 83 20
0 838 83 21
0 838 84 14
0 838 84 15
0 838 84 16
0 838 84 17
0 838 84 18
0 838 84 19
0 838 84 20
0 838 85 13
0 838 85 14
0 838 85 15
0 838 85 16
0 838 85 17
0 838 85 18
0 838 85 19
0 838 85 20
0 838 86 13
0 838 86 14
0 838 86 15
0 838 86 16
0 838 86 17
0 838 86 18
0 838 86 59
0 838 86 60
0 838 86 61
0 838 87 13
0 838 87 14
0 838 87 15
0 838 87 16
0 838 87 17
0 838 87 18
0 838 87 56
0 838 87 57
0 838 87 58
0 838 87 59
0 838 87 60
0 838 88 13
0 838 88 14
0 838 88 15
0 838 88 16
0 838 88 17
0 838 88 18
0 838 88 53
0 838 88 54
0 838 88 55
0 838 88 56
0 838 88 57
0 838 88 58
0 838 88 59
0 838 88 60
0 838 89 12
0 838 89 13
0 838 89 14
0 838 89 15
0 838 89 16
0 838 89 17
0 838 89 18
0 838 89 52
0 838 89 53
0 838 89 54
0 838 89 55
0 838 89 56
0 838 89 57
0 838 89 58
0 838 89 59
0 838 89 60
0 838 89 61
0 838 90 12
0 838 90 13
0 838 90 14
0 838 90 15
0 838 94 28
0 838 94 29
0 838 94 30
0 838 94 42
0 838 94 43
0 838 94 44
0 838 94 45
0 838 94 46
0 838 95 13
0 838 95 14
0 838 95 15
0 838 95 16
0 838 95 23
0 838 95 24
0 838 95 25
0 838 95 26
0 838 95 27
0 838 95 28
0 838 96 13
0 838 96 14
0 838 96 15
1 705 56 44
1 705 57 40
1 705 57 41
1 705 57 42
1 705 57 43
1 705 58 34
1 705 58 35
1 705 58 36
1 705 59 32
1 705 59 33
1 705 60 32
1 705 60 35
1 705 60 36
1 705 61 24
1 705 61 25
1 705 74 32
1 705 74 33
1 705 75 31
1 705 75 32
1 705 75 33
1 705 75 67
1 705 75 68
1 705 75 69
1 705 76 32
1 705 76 33
1 705 77 30
1 705 77 31
1 705 77 32
1 705 77 57
1 705 77 60
1 705 77 61
1 705 77 62
1 705 77 64
1 705 78 56
1 705 78 57
1 705 78 58
1 705 78 59
1 705 79 54
1 705 79 55
1 705 79 56
1 705 79 57
1 705 80 55
1 705 81 54
1 705 81 55
1 705 82 52
1 705 82 53
1 705 82 54
1 705 83 52
1 705 83 53
1 705 84 52
1 705 85 44
1 705 85 45
1 705 86 46
1 705 87 43
1 705 87 44
1 705 87 45
1 705 88 42
1 705 88 43
1 705 89 42
1 705 92 24
1 705 92 25
1 705 93 23
1 705 93 24
1 705 93 25
1 705 94 22
1 705 94 23
1 705 94 24
1 705 95 20
1 705 95 21
1 705 95 22
1 705 95 23
1 732 7 34
1 732 7 35
1 732 8 35
1 732 8 36
1 732 8 37
1 732 8 38
1 732 8 39
1 732 9 32
1 732 9 33
1 732 9 37
1 732 9 38
1 732 9 39
1 732 9 40
1 732 10 31
1 732 10 32
1 732 10 40
1 732 10 56
1 732 10 57
1 732 11 30
1 732 11 31
1 732 15 69
1 732 16 64
1 732 16 65
1 732 16 66
1 732 16 67
1 732 16 68
1 732 17 63
1 732 17 64
1 732 17 65
1 732 18 10
1 732 18 62
1 732 18 63
1 732 19 10
1 732 19 11
1 732 20 10
1 732 24 8
1 732 24 9
1 732 24 41
1 732 24 42
1 732 24 43
1 732 24 44
1 732 24 60
1 732 24 61
1 732 24 62
1 732 25 8
1 732 25 9
1 732 25 42
1 732 25 43
1 732 25 44
1 732 25 45
1 732 25 61
1 732 25 62
1 732 26 8
1 732 26 9
1 732 26 16
1 732 26 17
1 732 26 18
1 732 26 21
1 732 26 22
1 732 26 23
1 732 26 44
1 732 26 45
1 732 26 46
1 732 26 61
1 732 26 62
1 732 27 9
1 732 27 33
1 732 27 36
1 732 27 42
1 732 27 44
1 732 27 46
1 732 27 47
1 732 27 61
1 732 27 62
1 732 28 9
1 732 28 29
1 732 28 30
1 732 28 31
1 732 28 32
1 732 28 33
1 732 28 34
1 732 28 35
1 732 28 36
1 732 28 37
1 732 28 38
1 732 28 39
1 732 28 40
1 732 28 41
1 732 28 42
1 732 28 45
1 732 28 46
1 732 28 47
1 732 28 48
1 732 28 49
1 732 28 61
1 732 28 62
1 732 29 9
1 732 29 28
1 732 29 31
1 732 29 32
1 732 29 33
1 732 29 34
1 732 29 45
1 732 29 46
1 732 29 47
1 732 29 48
1 732 29 49
1 732 29 50
1 732 30 17
1 732 30 21
1 732 30 22
1 732 30 23
1 732 30 24
1 732 30 25
1 732 30 26
1 732 30 27
1 732 30 28
1 732 30 31
1 732 30 46
1 732 31 16
1 732 31 17
1 732 31 18
1 732 31 20
1 732 31 21
1 732 31 47
1 732 31 48
1 732 31 49
1 732 31 50
1 732 31 51
1 732 31 52
1 732 32 12
1 732 32 13
1 732 32 14
1 732 32 48
1 732 32 49
1 732 32 50
1 732 32 51
1 732 32 52
1 732 32 73
1 732 32 74
1 732 32 75
1 732 33 12
1 732 33 13
1 732 33 14
1 732 33 15
1 732 33 16
1 732 33 17
1 732 33 50
1 732 33 51
1 732 33 52
1 732 33 53
1 732 33 54
1 732 33 55
1 732 33 56
1 732 33 58
1 732 33 59
1 732 33 60
1 732 33 61
1 732 33 62
1 732 33 73
1 732 33 98
1 732 34 55
1 732 34 56
1 732 34 58
1 732 34 59
1 732 34 60
1 732 34 61
1 732 34 95
1 732 34 96
1 732 34 97
1 732 34 98
1 732 35 56
1 732 35 57
1 732 35 58
1 732 35 60
1 732 35 61
1 732 35 81
1 732 35 82
1 732 35 93
1 732 35 94
1 732 35 95
1 732 35 96
1 732 35 98
1 732 36 61
1 732 36 62
1 732 36 82
1 732 36 83
1 732 36 91
1 732 36 92
1 732 36 93
1 732 36 94
1 732 36 95
1 732 36 96
1 732 36 97
1 732 37 92
1 732 37 93
1 732 37 94
1 732 38 86
1 732 38 87
1 732 38 88
1 732 38 89
1 732 38 90
1 732 38 91
1 732 38 93
1 732 41 77
1 732 41 78
1 732 41 79
1 732 42 77
1 732 42 78
1 732 42 79
1 732 42 80
1 732 43 77
1 732 43 78
1 732 57 38
1 732 57 39
1 732 58 37
1 732 58 38
1 732 58 40
1 732 58 41
1 732 59 38
1 732 59 39
1 732 59 40
1 732 59 41
1 732 60 37
1 732 60 38
1 732 60 39
1 732 60 40
1 732 61 38
1 732 64 54
1 732 64 55
1 732 65 54
1 732 65 55
1 732 66 53
1 732 66 54
1 732 66 55
1 732 67 52
1 732 67 53
1 732 67 54
1 732 68 52
1 732 68 53
1 732 68 54
1 732 69 44
1 732 69 45
1 732 69 46
1 732 69 47
1 732 69 52
1 732 69 53
1 732 69 54
1 732 70 47
1 732 70 48
1 732 70 52
1 732 70 53
1 732 71 47
1 732 71 52
1 732 71 53
1 732 72 48
1 732 75 16
1 732 75 22
1 732 75 23
1 732 75 52
1 732 75 53
1 732 75 65
1 732 75 66
1 732 76 15
1 732 76 16
1 732 76 21
1 732 76 23
1 732 76 24
1 732 76 30
1 732 76 31
1 732 76 34
1 732 76 52
1 732 76 53
1 732 76 54
1 732 76 61
1 732 76 62
1 732 76 63
1 732 77 24
1 732 77 65
1 732 77 66
1 732 77 67
1 732 77 68
1 732 78 22
1 732 78 23
1 732 78 27
1 732 78 28
1 732 78 29
1 732 78 30
1 732 78 31
1 732 78 32
1 732 78 33
1 732 78 34
1 732 78 35
1 732 78 52
1 732 78 53
1 732 78 60
1 732 78 61
1 732 78 62
1 732 79 52
1 732 79 53
1 732 79 58
1 732 79 59
1 732 79 60
1 732 80 51
1 732 80 52
1 732 80 53
1 732 80 54
1 732 81 51
1 732 81 52
1 732 81 53
1 732 82 49
1 732 82 51
1 732 83 43
1 732 83 44
1 732 83 45
1 732 84 53
1 732 85 42
1 732 85 46
1 732 85 47
1 732 85 51
1 732 85 52
1 732 85 53
1 732 86 42
1 732 86 43
1 732 86 44
1 732 87 53
1 732 87 54
1 732 88 52
1 732 88 53
1 732 88 54
1 732 89 53
1 732 89 54
1 732 90 53
1 732 90 54
1 838 33 25
1 838 33 26
1 838 35 28
1 838 35 29
1 838 35 30
1 838 35 32
1 838 35 33
1 838 36 30
1 838 36 31
1 838 36 32
1 838 36 33
1 838 37 30
1 838 37 31
1 838 37 32
1 838 37 33
1 838 38 30
1 838 38 31
1 838 38 33
1 838 38 34
1 838 39 34
1 838 39 35
1 838 39 36
1 838 39 37
1 838 39 38
1 838 40 39
1 838 40 40
1 838 40 41
1 838 40 42
1 838 41 42
1 838 41 43
1 838 42 44
1 838 49 35
1 838 49 36
1 838 49 37
1 838 49 38
1 838 50 35
1 838 50 36
1 838 50 37
1 838 51 34
1 838 51 35
1 838 51 36
1 838 51 37
1 838 52 33
1 838 52 34
1 838 52 35
1 838 53 32
1 838 53 33
1 838 53 34
1 838 53 36
1 838 54 30
1 838 54 31
1 838 54 32
1 838 61 55
1 838 61 56
1 838 62 55
1 838 75 74
1 838 75 75
1 838 75 76
1 838 75 77
1 838 75 78
1 838 75 79
1 838 75 80
1 838 75 81
1 838 76 75
1 838 76 76
1 838 76 77
1 838 76 78
1 838 76 79
1 838 76 80
1 838 76 81
1 838 76 82
1 838 77 70
1 838 77 71
1 838 77 72
1 838 77 74
1 838 77 75
1 838 77 76
1 838 77 77
1 838 78 73
1 838 78 74
1 838 78 75
1 838 78 76
1 838 78 77
1 838 78 78
1 838 78 82
1 838 78 83
1 838 79 73
1 1 14 43
1 1 21 10
1 1 63 26
