1 703 12 33
1 703 12 34
1 703 12 35
1 703 13 32
1 703 13 33
1 703 14 31
1 703 15 31
1 703 17 30
1 703 17 31
1 703 18 31
1 703 18 32
1 703 18 33
1 703 26 43
1 703 27 43
1 703 28 42
1 703 28 43
1 703 29 41
1 703 29 42
1 703 29 102
1 703 29 103
1 703 30 99
1 703 30 100
1 703 30 104
1 703 30 105
1 703 31 93
1 703 31 94
1 703 32 94
1 703 32 95
1 703 32 96
1 703 32 97
1 703 32 98
1 703 32 99
1 703 32 100
1 703 32 101
1 703 32 102
1 703 32 103
1 703 34 103
1 703 72 50
1 703 73 50
1 703 73 54
1 703 73 55
1 703 74 50
1 703 74 52
1 703 74 53
1 703 74 54
1 703 75 51
1 703 75 52
1 703 87 28
1 703 88 26
1 703 89 27
1 704 14 35
1 704 15 35
1 704 15 36
1 704 15 37
1 704 15 38
1 704 15 39
1 704 16 34
1 704 16 35
1 704 16 36
1 704 16 37
1 704 16 38
1 704 16 39
1 704 17 38
1 704 17 101
1 704 18 37
1 704 18 38
1 704 18 101
1 704 19 35
1 704 19 36
1 704 19 37
1 704 19 101
1 704 20 101
1 704 21 101
1 704 29 96
1 704 29 97
1 704 29 98
1 704 29 99
1 704 29 100
1 704 29 101
1 704 30 101
1 704 30 102
1 704 30 103
1 704 31 103
1 704 31 104
1 704 31 105
1 704 32 105
1 704 32 106
1 704 33 101
1 704 33 102
1 704 33 103
1 704 33 104
1 704 33 105
1 704 33 106
1 704 72 51
1 704 72 52
1 704 73 51
1 704 73 52
1 704 74 49
1 704 74 51
1 704 75 54
1 704 75 55
1 705 11 93
1 705 12 93
1 705 13 91
1 705 13 93
1 705 14 90
1 705 14 91
1 705 14 92
1 705 14 93
1 705 15 89
1 705 15 92
1 705 16 87
1 705 16 88
1 705 16 91
1 705 17 86
1 705 17 90
1 705 17 91
1 705 18 86
1 705 18 90
1 705 19 59
1 705 19 86
1 705 19 87
1 705 19 90
1 705 20 87
1 705 20 90
1 705 21 89
1 705 21 90
1 705 22 88
1 705 22 89
1 705 23 88
1 705 24 88
1 705 25 88
1 705 26 88
1 705 30 82
1 705 31 82
1 705 31 83
1 705 32 82
1 705 32 83
1 705 32 84
1 705 33 82
1 705 33 83
1 705 33 84
1 705 34 82
1 705 34 83
1 705 34 84
1 705 35 83
1 705 36 83
1 705 36 84
1 705 36 85
1 705 37 91
1 705 37 92
1 705 37 93
1 705 40 99
1 705 40 112
1 705 41 100
1 705 41 101
1 705 41 112
1 705 42 112
1 705 46 113
1 705 46 114
1 705 47 114
1 705 47 115
1 705 47 116
1 705 47 117
1 705 48 117
1 705 49 120
1 705 49 122
1 705 49 123
1 705 50 124
1 705 64 63
1 705 64 64
1 705 64 65
1 705 64 66
1 705 64 67
1 705 64 68
1 705 65 63
1 705 65 64
1 705 65 65
1 705 65 66
1 705 65 67
1 705 65 68
1 705 66 67
1 705 67 67
1 705 72 34
1 705 72 35
1 705 72 36
1 705 73 34
1 705 73 35
1 705 73 36
1 705 74 34
1 705 74 35
1 705 74 36
1 705 75 35
1 705 75 36
1 705 76 36
1 705 79 56
1 705 79 57
1 705 79 58
1 705 80 34
1 705 80 35
1 705 80 36
1 705 80 52
1 705 80 53
1 705 80 54
1 705 80 56
1 705 81 34
1 705 81 35
1 705 81 36
1 705 81 51
1 705 81 52
1 705 81 53
1 705 81 54
1 705 82 34
1 705 82 35
1 705 82 36
1 705 82 47
1 705 82 51
1 705 82 52
1 705 83 34
1 705 83 35
1 705 83 48
1 705 83 49
1 705 83 50
1 705 84 34
1 705 92 57
1 705 93 54
1 705 93 55
1 705 93 56
1 705 94 53
1 705 94 54
1 705 94 55
1 705 99 28
1 705 99 31
1 705 99 32
1 705 100 25
1 705 101 35
1 705 102 35
1 705 102 36
1 705 103 28
1 705 103 34
1 705 103 36
1 705 104 33
1 705 104 34
1 706 38 98
1 706 38 99
1 706 38 100
1 706 39 101
1 706 39 102
1 706 39 103
1 706 39 104
1 706 39 114
1 706 40 104
1 706 40 105
1 706 40 114
1 706 41 115
1 706 42 115
1 706 42 116
1 706 43 116
1 706 43 117
1 706 44 117
1 706 44 118
1 706 45 118
1 706 46 118
1 706 46 119
1 706 46 120
1 706 47 120
1 706 47 121
1 706 47 122
1 707 94 45
1 730 13 58
1 730 13 59
1 730 13 60
1 730 14 58
1 730 14 61
1 730 14 64
1 730 15 58
1 730 15 66
1 730 16 66
1 730 17 66
1 730 17 67
1 730 76 44
1 730 76 46
1 730 77 43
1 730 77 44
1 730 77 45
1 730 77 46
1 730 78 42
1 730 78 43
1 730 78 44
1 730 78 45
1 730 79 43
1 730 79 44
1 730 80 42
1 730 80 43
1 730 82 42
1 730 83 41
1 730 83 42
1 730 89 35
1 730 89 36
1 730 89 37
1 730 90 31
1 730 90 32
1 730 90 33
1 730 90 34
1 730 90 35
1 730 90 36
1 730 90 37
1 730 90 38
1 730 90 39
1 730 91 31
1 730 91 32
1 730 91 34
1 730 91 35
1 730 98 30
1 730 98 36
1 730 98 37
1 730 99 29
1 730 99 30
1 730 99 33
1 730 99 34
1 730 99 37
1 730 100 28
1 730 100 29
1 730 100 30
1 730 100 31
1 730 100 32
1 730 100 33
1 730 100 34
1 730 100 35
1 730 100 36
1 730 100 55
1 730 101 27
1 730 101 28
1 730 101 29
1 730 101 30
1 730 101 31
1 730 101 32
1 730 101 33
1 730 101 47
1 730 101 48
1 730 101 49
1 730 101 50
1 730 101 51
1 730 101 52
1 730 102 26
1 730 102 27
1 730 102 28
1 730 102 29
1 730 102 31
1 730 102 32
1 730 102 33
1 730 102 34
1 730 102 49
1 730 102 50
1 730 102 57
1 730 103 25
1 730 103 26
1 730 103 29
1 730 103 30
1 730 103 31
1 730 103 43
1 730 103 45
1 730 103 47
1 730 103 51
1 730 104 44
1 730 104 47
1 730 104 48
1 730 104 50
1 730 104 51
1 730 104 52
1 730 104 53
1 730 104 54
1 730 105 25
1 730 105 26
1 731 15 90
1 731 15 91
1 731 16 89
1 731 16 90
1 731 17 87
1 731 17 88
1 731 17 89
1 731 18 87
1 731 41 108
1 731 41 109
1 731 41 110
1 731 42 110
1 731 42 111
1 731 43 112
1 731 43 113
1 731 43 114
1 731 44 114
1 731 44 115
1 731 44 116
1 731 45 110
1 731 45 111
1 731 45 112
1 731 45 113
1 731 45 116
1 731 48 118
1 731 48 119
1 731 48 120
1 731 48 121
1 731 49 121
1 731 76 77
1 731 77 77
1 731 77 78
1 731 77 79
1 731 78 79
1 731 78 80
1 731 78 81
1 731 78 90
1 731 78 91
1 731 79 81
1 731 79 82
1 731 79 83
1 731 79 87
1 731 79 88
1 731 79 89
1 731 79 91
1 731 79 92
1 731 80 85
1 731 80 89
1 731 80 90
1 731 80 91
1 731 80 92
1 731 80 93
1 731 80 94
1 731 81 85
1 731 81 92
1 731 81 93
1 731 81 94
1 731 81 95
1 731 82 87
1 731 82 88
1 731 82 93
1 731 82 94
1 731 82 95
1 731 82 96
1 731 83 88
1 731 83 89
1 731 83 90
1 731 83 96
1 731 83 97
1 731 84 90
1 731 84 91
1 731 84 92
1 731 84 93
1 731 86 82
1 731 87 80
1 731 87 81
1 731 88 78
1 731 88 79
1 731 88 80
1 731 89 76
1 731 89 77
1 731 89 78
1 731 90 76
1 731 93 35
1 731 93 36
1 731 93 37
1 731 93 38
1 731 93 39
1 731 94 33
1 731 94 34
1 731 94 35
1 731 95 36
1 731 95 38
1 731 96 28
1 731 96 29
1 731 96 30
1 731 96 31
1 731 96 32
1 731 96 33
1 731 96 39
1 731 98 40
1 731 98 41
1 731 99 41
1 731 99 42
1 731 101 43
1 731 101 44
1 731 101 45
1 731 102 47
1 731 102 48
1 731 102 52
1 731 102 55
1 731 103 35
1 731 103 52
1 731 103 53
1 731 103 54
1 731 104 35
1 731 104 36
1 731 104 56
1 731 104 57
1 731 107 46
1 731 107 47
1 731 107 50
1 731 107 56
1 731 108 50
1 731 108 51
1 731 108 53
1 731 108 54
1 731 109 43
1 732 10 79
1 732 11 78
1 732 11 79
1 732 12 78
1 732 13 77
1 732 13 78
1 732 14 77
1 732 15 50
1 732 15 52
1 732 15 56
1 732 15 77
1 732 16 50
1 732 16 52
1 732 16 56
1 732 16 57
1 732 16 58
1 732 16 59
1 732 16 60
1 732 16 68
1 732 16 76
1 732 16 77
1 732 17 49
1 732 17 50
1 732 17 51
1 732 17 52
1 732 17 56
1 732 17 57
1 732 17 58
1 732 17 59
1 732 17 60
1 732 17 69
1 732 17 76
1 732 18 44
1 732 18 48
1 732 18 49
1 732 18 51
1 732 18 53
1 732 18 56
1 732 18 58
1 732 18 59
1 732 18 69
1 732 18 76
1 732 18 83
1 732 19 43
1 732 19 48
1 732 19 51
1 732 19 52
1 732 19 53
1 732 19 55
1 732 19 56
1 732 19 57
1 732 19 58
1 732 19 70
1 732 19 71
1 732 19 72
1 732 19 83
1 732 19 84
1 732 20 40
1 732 20 41
1 732 20 42
1 732 20 43
1 732 20 48
1 732 20 51
1 732 20 52
1 732 20 53
1 732 20 55
1 732 20 56
1 732 20 57
1 732 20 59
1 732 20 70
1 732 20 71
1 732 20 72
1 732 20 84
1 732 20 85
1 732 21 37
1 732 21 40
1 732 21 52
1 732 21 55
1 732 21 58
1 732 21 70
1 732 21 72
1 732 21 84
1 732 21 85
1 732 21 86
1 732 22 36
1 732 22 37
1 732 22 52
1 732 22 57
1 732 22 58
1 732 22 70
1 732 22 84
1 732 22 85
1 732 22 86
1 732 23 36
1 732 23 37
1 732 23 42
1 732 23 43
1 732 23 44
1 732 23 45
1 732 23 46
1 732 23 47
1 732 23 51
1 732 23 52
1 732 23 73
1 732 23 86
1 732 23 87
1 732 23 89
1 732 23 90
1 732 24 26
1 732 24 37
1 732 24 44
1 732 24 45
1 732 24 47
1 732 24 73
1 732 24 86
1 732 24 90
1 732 24 91
1 732 24 92
1 732 24 93
1 732 24 94
1 732 25 25
1 732 25 26
1 732 25 27
1 732 26 25
1 732 26 26
1 732 26 27
1 732 26 28
1 732 26 78
1 732 27 26
1 732 27 78
1 732 27 79
1 732 28 26
1 732 28 27
1 732 28 77
1 732 28 78
1 732 28 79
1 732 28 80
1 732 29 27
1 732 29 78
1 732 29 79
1 732 29 80
1 732 29 81
1 732 30 79
1 732 30 80
1 732 30 81
1 732 31 80
1 732 31 81
1 732 32 81
1 732 33 37
1 732 33 38
1 732 33 39
1 732 33 40
1 732 34 36
1 732 34 37
1 732 34 40
1 732 34 41
1 732 34 42
1 732 35 25
1 732 35 26
1 732 35 36
1 732 35 37
1 732 35 38
1 732 35 39
1 732 35 40
1 732 36 26
1 732 37 26
1 732 37 27
1 732 38 27
1 732 38 28
1 732 39 27
1 732 39 28
1 732 39 29
1 732 40 27
1 732 40 93
1 732 40 96
1 732 41 27
1 732 41 29
1 732 41 93
1 732 41 95
1 732 41 96
1 732 41 99
1 732 42 27
1 732 42 28
1 732 42 29
1 732 42 99
1 732 42 101
1 732 42 102
1 732 43 27
1 732 43 28
1 732 43 29
1 732 43 99
1 732 43 100
1 732 43 101
1 732 43 102
1 732 43 103
1 732 43 104
1 732 43 105
1 732 44 27
1 732 44 28
1 732 44 105
1 732 44 106
1 732 45 26
1 732 45 27
1 732 88 66
1 732 89 52
1 732 89 53
1 732 89 63
1 732 89 64
1 732 89 65
1 732 89 66
1 732 90 48
1 732 90 51
1 732 90 53
1 732 90 62
1 732 90 63
1 732 90 69
1 732 91 48
1 732 91 51
1 732 91 52
1 732 91 58
1 732 91 59
1 732 91 67
1 732 91 69
1 732 92 46
1 732 92 58
1 732 92 59
1 732 92 67
1 732 92 68
1 732 92 69
1 732 93 45
1 732 93 46
1 732 93 57
1 732 93 58
1 732 93 59
1 732 93 66
1 732 93 67
1 732 93 68
1 732 94 56
1 732 94 66
1 732 94 67
1 732 95 64
1 732 95 65
1 732 95 66
1 732 95 67
1 732 96 40
1 732 96 62
1 732 96 63
1 732 96 64
1 732 96 66
1 732 97 42
1 732 98 39
1 732 98 44
1 732 98 45
1 732 99 45
1 732 100 40
1 732 100 44
1 732 100 46
1 732 101 40
1 732 101 41
1 732 101 42
1 732 102 40
1 732 102 42
1 732 102 43
1 732 102 44
1 732 102 45
1 732 102 46
1 732 102 51
1 732 103 46
1 732 103 48
1 732 103 49
1 732 103 50
1 732 104 46
1 732 104 49
1 732 108 45
1 732 108 47
1 732 109 46
1 733 16 65
1 733 18 67
1 733 18 68
1 733 19 68
1 733 19 69
1 733 20 69
1 733 21 69
1 733 24 71
1 733 24 72
1 733 25 72
1 733 26 72
1 733 27 71
1 733 27 72
1 733 28 70
1 733 28 71
1 733 28 72
1 733 29 70
1 733 29 71
1 733 29 72
1 733 30 69
1 733 30 70
1 733 30 71
1 733 31 69
1 733 31 70
1 733 31 71
1 733 32 70
1 733 81 30
1 733 81 31
1 733 82 28
1 733 82 29
1 733 82 30
1 733 82 59
1 733 82 60
1 733 82 61
1 733 82 62
1 733 82 63
1 733 83 60
1 733 83 61
1 733 83 62
1 733 83 63
1 733 83 64
1 733 83 65
1 733 84 58
1 733 84 59
1 733 84 60
1 733 84 61
1 733 84 62
1 733 84 63
1 733 84 64
1 733 88 53
1 733 89 51
1 733 90 50
1 733 90 52
1 733 91 50
1 759 39 43
1 759 39 44
1 759 40 42
1 759 40 43
1 759 40 55
1 759 40 56
1 759 40 57
1 759 40 58
1 759 40 59
1 759 40 60
1 759 40 61
1 759 40 62
1 759 40 63
1 759 40 64
1 759 40 65
1 759 40 66
1 759 40 67
1 759 40 68
1 759 41 41
1 759 41 42
1 759 41 65
1 759 42 39
1 759 42 40
1 759 42 41
1 759 42 65
1 759 42 66
1 759 43 37
1 759 43 38
1 759 43 39
1 759 43 48
1 759 43 49
1 759 43 50
1 759 43 57
1 759 43 58
1 759 43 59
1 759 43 60
1 759 43 61
1 759 43 62
1 759 43 63
1 759 43 64
1 759 43 69
1 759 43 70
1 759 43 71
1 759 44 35
1 759 44 36
1 759 44 37
1 759 44 47
1 759 44 48
1 759 44 49
1 759 44 50
1 759 44 51
1 759 44 52
1 759 44 54
1 759 44 56
1 759 44 57
1 759 44 58
1 759 44 71
1 759 44 72
1 759 44 73
1 759 44 74
1 759 44 78
1 759 44 79
1 759 44 80
1 759 45 32
1 759 45 33
1 759 45 34
1 759 45 44
1 759 45 45
1 759 45 46
1 759 45 48
1 759 45 49
1 759 45 50
1 759 45 51
1 759 45 52
1 759 45 60
1 759 45 61
1 759 45 62
1 759 45 63
1 759 45 64
1 759 45 80
1 759 45 81
1 759 45 82
1 759 46 29
1 759 46 30
1 759 46 31
1 759 46 32
1 759 46 41
1 759 46 42
1 759 46 43
1 759 46 44
1 759 46 47
1 759 46 48
1 759 46 49
1 759 46 50
1 759 46 64
1 759 46 68
1 759 46 69
1 759 46 70
1 759 46 82
1 759 46 83
1 759 46 84
1 759 47 29
1 759 47 31
1 759 47 32
1 759 47 33
1 759 47 34
1 759 47 40
1 759 47 41
1 759 47 43
1 759 47 45
1 759 47 46
1 759 47 47
1 759 47 61
1 759 47 62
1 759 47 66
1 759 47 68
1 759 47 71
1 759 47 72
1 759 47 81
1 759 47 84
1 759 48 30
1 759 48 31
1 759 48 33
1 759 48 37
1 759 48 38
1 759 48 39
1 759 48 40
1 759 48 41
1 759 48 42
1 759 48 62
1 759 48 63
1 759 48 64
1 759 48 65
1 759 48 66
1 759 48 67
1 759 48 68
1 759 48 69
1 759 48 70
1 759 48 72
1 759 48 78
1 759 48 79
1 759 48 81
1 759 48 82
1 759 48 83
1 759 48 84
1 759 48 86
1 759 48 87
1 759 48 88
1 759 49 31
1 759 49 32
1 759 49 38
1 759 49 39
1 759 49 40
1 759 49 67
1 759 49 68
1 759 49 89
1 759 49 90
1 759 49 91
1 759 49 92
1 759 50 36
1 759 50 37
1 759 50 38
1 759 50 39
1 759 50 40
1 759 50 84
1 759 50 85
1 759 50 92
1 759 50 93
1 759 50 94
1 759 50 95
1 759 50 96
1 759 50 97
1 759 50 98
1 759 51 34
1 759 51 35
1 759 51 36
1 759 51 37
1 759 51 38
1 759 51 71
1 759 51 72
1 759 51 73
1 759 51 74
1 759 51 75
1 759 51 76
1 759 51 80
1 759 51 81
1 759 51 82
1 759 51 83
1 759 51 98
1 759 51 99
1 759 51 100
1 759 52 33
1 759 52 34
1 759 52 73
1 759 52 74
1 759 52 75
1 759 52 76
1 759 52 77
1 759 52 78
1 759 52 79
1 759 52 80
1 759 52 83
1 759 52 84
1 759 53 32
1 759 53 80
1 759 53 81
1 759 53 82
1 759 53 83
1 759 53 84
1 759 53 85
1 759 53 86
1 759 53 87
1 759 53 94
1 759 53 95
1 759 54 29
1 759 54 31
1 759 54 100
1 759 55 27
1 759 55 28
1 759 55 29
1 759 55 30
1 759 55 31
1 759 55 66
1 759 55 67
1 759 55 102
1 759 55 103
1 759 56 26
1 759 56 27
1 759 56 29
1 759 56 30
1 759 56 67
1 759 56 68
1 759 56 69
1 759 56 70
1 759 57 28
1 759 57 29
1 759 57 70
1 759 57 71
1 759 57 72
1 759 57 103
1 759 57 106
1 759 58 27
1 759 58 28
1 759 58 73
1 759 58 108
1 759 59 43
1 759 59 44
1 759 59 57
1 759 59 58
1 759 59 59
1 759 59 60
1 759 59 61
1 759 59 73
1 759 59 74
1 759 59 109
1 759 60 40
1 759 60 41
1 759 60 48
1 759 60 49
1 759 60 64
1 759 60 65
1 759 60 74
1 759 60 75
1 759 61 39
1 759 61 40
1 759 61 47
1 759 61 48
1 759 61 53
1 759 61 56
1 759 61 57
1 759 61 58
1 759 61 65
1 759 61 66
1 759 61 75
1 759 61 97
1 759 61 98
1 759 61 99
1 759 61 100
1 759 62 46
1 759 62 47
1 759 62 75
1 759 62 76
1 759 62 100
1 759 62 101
1 759 62 102
1 759 62 103
1 759 62 104
1 759 62 105
1 759 62 106
1 759 62 107
1 759 63 37
1 759 63 38
1 759 63 39
1 759 63 43
1 759 63 45
1 759 63 60
1 759 63 61
1 759 63 62
1 759 63 63
1 759 63 65
1 759 63 66
1 759 63 67
1 759 63 76
1 759 63 77
1 759 63 107
1 759 63 108
1 759 63 109
1 759 63 110
1 759 63 111
1 759 63 112
1 759 64 35
1 759 64 36
1 759 64 37
1 759 64 42
1 759 64 43
1 759 64 44
1 759 64 45
1 759 64 58
1 759 64 59
1 759 64 60
1 759 64 77
1 759 64 78
1 759 64 112
1 759 64 113
1 759 65 32
1 759 65 33
1 759 65 34
1 759 65 35
1 759 65 40
1 759 65 42
1 759 65 43
1 759 65 44
1 759 65 78
1 759 65 79
1 759 66 31
1 759 66 32
1 759 66 40
1 759 66 42
1 759 66 43
1 759 66 79
1 759 67 38
1 759 67 39
1 759 67 40
1 759 67 41
1 759 67 42
1 759 67 74
1 759 67 75
1 759 68 35
1 759 68 36
1 759 68 37
1 759 68 38
1 759 68 39
1 759 68 70
1 759 68 75
1 759 68 76
1 759 68 77
1 759 68 86
1 759 69 31
1 759 69 32
1 759 69 33
1 759 69 34
1 759 69 35
1 759 69 36
1 759 69 70
1 759 69 78
1 759 69 86
1 759 69 87
1 759 70 32
1 759 70 33
1 759 70 69
1 759 70 70
1 759 70 87
1 759 70 88
1 759 71 69
1 759 71 70
1 759 71 78
1 759 71 88
1 759 71 89
1 759 71 90
1 759 72 69
1 759 72 75
1 759 72 80
1 759 72 90
1 759 72 91
1 759 73 69
1 759 73 70
1 759 73 76
1 759 73 80
1 759 73 81
1 759 73 91
1 759 73 92
1 759 74 32
1 759 74 77
1 759 74 81
1 759 74 82
1 759 74 92
1 759 74 93
1 759 75 31
1 759 75 32
1 759 75 78
1 759 75 81
1 759 75 82
1 759 75 83
1 759 75 85
1 759 75 93
1 759 75 94
1 759 75 95
1 759 76 27
1 759 76 30
1 759 76 31
1 759 76 32
1 759 76 79
1 759 76 83
1 759 76 85
1 759 76 95
1 759 76 96
1 759 77 27
1 759 77 28
1 759 77 29
1 759 77 30
1 759 77 31
1 759 77 69
1 759 77 80
1 759 77 82
1 759 77 83
1 759 77 84
1 759 77 85
1 759 77 86
1 759 77 96
1 759 77 97
1 759 78 69
1 759 78 82
1 759 78 84
1 759 78 86
1 759 78 97
1 759 79 30
1 759 79 84
1 759 79 86
1 759 80 28
1 759 80 30
1 759 80 84
1 759 80 86
1 759 81 28
1 759 81 70
1 759 81 84
1 759 81 86
1 759 82 69
1 759 82 70
1 759 82 84
1 759 82 86
1 759 83 84
1 759 83 86
1 759 84 84
1 759 84 85
1 759 84 86
1 759 85 64
1 759 85 67
1 759 85 72
1 759 85 83
1 759 85 84
1 759 85 85
1 759 85 86
1 759 86 66
1 759 86 67
1 759 86 68
1 759 86 69
1 759 86 83
1 759 86 85
1 759 86 86
1 759 87 70
1 759 87 82
1 759 87 83
1 759 87 85
1 759 87 86
1 759 88 70
1 759 88 85
1 759 88 100
1 759 89 85
1 759 89 99
1 759 90 77
1 759 90 78
1 759 90 84
1 759 90 85
1 759 90 97
1 759 90 98
1 759 90 99
1 759 91 76
1 759 91 77
1 759 91 82
1 759 91 83
1 759 92 75
1 759 92 76
1 759 93 74
1 759 93 75
1 759 99 66
1 759 99 72
1 759 100 65
1 759 100 66
1 759 100 70
1 759 100 71
1 759 101 69
1 759 101 70
1 759 102 63
1 759 102 64
1 759 102 68
1 759 102 69
1 759 103 62
1 759 103 68
1 759 104 61
1 759 104 62
1 759 104 67
1 759 104 68
1 759 105 67
1 759 106 65
1 759 106 66
1 760 37 52
1 760 37 53
1 760 37 54
1 760 37 55
1 760 37 58
1 760 37 59
1 760 37 60
1 760 37 61
1 760 37 62
1 760 37 63
1 760 37 64
1 760 38 55
1 760 38 56
1 760 38 57
1 760 39 36
1 760 39 37
1 760 39 38
1 760 39 39
1 760 39 40
1 760 39 41
1 760 39 42
1 760 39 45
1 760 39 46
1 760 39 47
1 760 39 48
1 760 39 49
1 760 39 50
1 760 39 51
1 760 39 54
1 760 39 55
1 760 39 56
1 760 40 35
1 760 40 36
1 760 40 46
1 760 40 47
1 760 40 48
1 760 41 34
1 760 42 34
1 760 42 35
1 760 43 33
1 760 43 34
1 760 44 29
1 760 44 30
1 760 44 31
1 760 45 28
1 760 46 25
1 760 46 26
1 760 50 29
1 760 50 30
1 760 50 31
1 760 51 28
1 760 51 29
1 760 51 85
1 760 51 94
1 760 51 95
1 760 51 96
1 760 52 26
1 760 52 27
1 760 52 28
1 760 52 87
1 760 52 96
1 760 52 97
1 760 52 98
1 760 52 99
1 760 53 25
1 760 53 26
1 760 53 99
1 760 53 100
1 760 53 101
1 760 54 25
1 760 54 101
1 760 56 97
1 760 57 99
1 760 57 100
1 760 58 101
1 760 58 102
1 760 60 61
1 760 60 62
1 760 60 63
1 760 61 49
1 760 61 54
1 760 61 55
1 760 61 59
1 760 61 60
1 760 61 61
1 760 61 62
1 760 62 48
1 760 62 49
1 760 62 53
1 760 62 57
1 760 62 58
1 760 63 46
1 760 63 47
1 760 63 48
1 760 63 50
1 760 63 51
1 760 63 52
1 760 63 53
1 760 64 46
1 760 64 48
1 760 64 49
1 760 64 50
1 760 64 51
1 760 64 52
1 760 64 53
1 760 65 45
1 760 66 41
1 760 66 116
1 760 66 117
1 760 67 117
1 760 67 118
1 760 67 119
1 760 67 120
1 760 67 121
1 760 68 72
1 760 68 73
1 760 68 74
1 760 68 119
1 760 68 120
1 760 68 122
1 760 68 123
1 760 69 72
1 760 69 73
1 760 69 74
1 760 69 75
1 760 69 76
1 760 69 77
1 760 69 120
1 760 69 121
1 760 69 123
1 760 69 124
1 760 70 73
1 760 70 74
1 760 70 77
1 760 70 78
1 760 70 79
1 760 70 121
1 760 70 122
1 760 71 74
1 760 71 75
1 760 71 76
1 760 71 79
1 760 71 80
1 760 71 81
1 760 71 82
1 760 71 122
1 760 71 123
1 760 72 76
1 760 72 77
1 760 72 78
1 760 72 79
1 760 72 82
1 760 72 83
1 760 72 123
1 760 72 124
1 760 73 77
1 760 73 78
1 760 73 124
1 760 74 78
1 760 74 79
1 760 75 79
1 760 75 80
1 760 76 80
1 760 76 81
1 760 76 82
1 760 80 87
1 760 80 88
1 760 81 89
1 760 81 90
1 760 81 91
1 760 82 91
1 760 82 92
1 760 83 87
1 760 83 92
1 760 83 93
1 760 85 97
1 760 85 98
1 760 86 95
1 760 86 96
1 760 86 97
1 760 87 93
1 760 87 94
1 760 87 95
1 760 87 99
1 760 87 100
1 760 88 87
1 760 88 88
1 760 88 91
1 760 88 92
1 760 88 93
1 760 88 94
1 760 88 97
1 760 88 98
1 760 88 99
1 760 89 86
1 760 89 89
1 760 89 90
1 760 89 91
1 760 89 94
1 760 89 95
1 760 89 96
1 760 89 97
1 760 90 82
1 760 90 86
1 760 90 89
1 760 90 90
1 760 90 93
1 760 90 94
1 760 90 95
1 760 91 85
1 760 92 80
1 760 92 81
1 760 92 84
1 760 92 85
1 760 93 78
1 760 93 79
1 760 93 82
1 760 93 84
1 760 94 75
1 760 94 76
1 760 94 77
1 760 94 78
1 760 95 77
1 760 95 78
1 760 95 80
1 760 95 81
1 760 96 79
1 760 96 80
1 760 97 76
1 760 97 78
1 760 97 79
1 760 98 72
1 760 109 61
1 784 17 64
1 784 20 58
1 784 21 57
1 784 26 118
1 784 26 119
1 784 26 120
1 784 26 121
1 784 26 122
1 784 27 117
1 784 27 118
1 784 27 119
1 784 28 117
1 784 28 118
1 784 76 58
1 784 77 57
1 784 77 58
1 784 77 59
1 784 78 56
1 784 78 57
1 784 78 58
1 784 78 61
1 784 79 54
1 784 79 55
1 784 79 59
1 785 75 38
1 785 76 38
1 785 77 38
1 785 78 38
1 785 79 38
1 785 80 38
1 785 81 38
1 785 82 38
1 811 12 119
1 811 12 120
1 811 13 120
1 811 14 107
1 811 14 120
1 811 14 121
1 811 15 107
1 811 15 108
1 811 15 109
1 811 15 118
1 811 15 119
1 811 15 121
1 811 16 107
1 811 16 108
1 811 16 109
1 811 16 119
1 811 16 121
1 811 17 107
1 811 17 108
1 811 17 109
1 811 17 119
1 811 17 120
1 811 17 121
1 811 17 122
1 811 18 107
1 811 18 108
1 811 18 109
1 811 18 120
1 811 18 122
1 811 19 108
1 811 19 109
1 811 19 120
1 811 19 122
1 811 20 108
1 811 20 109
1 811 20 110
1 811 20 120
1 811 20 121
1 811 20 122
1 811 21 109
1 811 21 110
1 811 21 111
1 811 21 121
1 811 22 107
1 811 22 108
1 811 22 109
1 811 22 111
1 811 22 112
1 811 22 121
1 811 23 106
1 811 23 107
1 811 23 108
1 811 23 110
1 811 23 111
1 811 23 112
1 811 23 113
1 811 23 121
1 811 24 107
1 811 24 108
1 811 24 109
1 811 24 113
1 811 24 114
1 811 24 115
1 811 24 121
1 811 25 108
1 811 25 109
1 811 25 110
1 811 25 111
1 811 25 115
1 811 25 116
1 811 26 108
1 811 26 109
1 811 26 110
1 811 26 111
1 811 26 112
1 811 26 113
1 811 27 109
1 811 27 111
1 811 27 112
1 811 29 115
1 811 29 116
1 811 29 117
1 811 29 118
1 811 29 119
1 811 29 120
1 811 29 121
1 811 29 122
1 811 29 123
1 811 30 115
1 811 30 116
1 811 30 117
1 811 30 118
1 812 31 50
1 812 31 51
1 812 31 52
1 812 31 53
1 812 31 54
1 812 31 55
1 812 31 56
1 812 32 49
1 812 32 50
1 812 32 51
1 812 32 52
1 812 33 48
1 812 33 49
1 812 33 50
1 812 33 54
1 812 33 55
1 812 33 56
1 812 33 57
1 812 34 46
1 812 34 47
1 812 34 48
1 812 34 57
1 812 34 58
1 812 34 68
1 812 34 69
1 812 34 70
1 812 34 71
1 812 34 72
1 812 35 45
1 812 35 46
1 812 35 65
1 812 35 66
1 812 35 67
1 812 35 68
1 812 36 75
1 812 36 76
1 812 37 76
1 812 37 77
1 812 37 78
1 812 38 78
1 812 38 79
1 812 38 80
1 812 39 80
1 812 39 81
1 812 39 82
1 812 40 82
1 812 62 54
1 812 62 55
1 812 62 56
1 812 62 59
1 812 62 60
1 812 62 61
1 812 62 62
1 812 62 63
1 812 62 64
1 812 63 54
1 812 63 55
1 812 63 56
1 812 63 57
1 812 63 58
1 812 63 59
1 812 63 64
1 812 65 61
1 812 65 62
1 812 66 63
1 812 66 64
1 812 66 65
1 812 66 66
1 812 69 46
1 812 69 47
1 812 69 48
1 812 69 49
1 812 70 46
1 812 70 47
1 812 70 48
1 812 71 46
1 812 88 58
1 812 89 58
1 812 90 58
1 812 90 64
1 812 90 65
1 812 91 64
1 812 92 65
1 812 93 64
1 812 93 65
1 812 94 62
1 812 94 63
1 812 94 64
1 812 95 61
1 812 95 62
1 813 99 46
1 838 73 31
1 838 73 32
1 838 74 30
1 838 74 31
1 838 75 28
1 838 75 29
1 838 75 30
1 838 76 29
1 838 103 69
1 838 105 68
1 838 106 67
1 838 107 65
1 838 108 64
1 838 108 65
1 838 109 64
1 839 42 67
1 839 42 68
1 839 43 65
1 839 43 66
1 839 43 67
1 839 43 68
1 839 44 67
1 839 44 68
1 839 44 69
1 839 45 69
1 839 45 70
1 839 45 71
1 839 46 67
1 839 46 71
1 839 46 72
1 839 47 69
1 839 48 71
1 839 48 73
1 839 48 74
1 839 49 74
1 839 49 75
1 839 49 76
1 839 54 84
1 839 54 85
1 839 54 86
1 839 55 87
1 839 55 88
1 839 55 89
1 839 56 89
1 839 56 90
1 839 56 91
1 839 56 92
1 839 57 92
1 839 57 93
1 839 57 94
1 839 58 95
1 839 58 96
1 839 58 97
1 839 59 98
1 839 59 99
1 839 60 95
1 839 60 96
1 839 60 97
1 839 60 102
1 839 61 101
1 839 61 102
1 839 63 105
1 839 63 106
1 839 64 109
1 839 91 78
1 839 91 79
1 839 92 77
1 839 92 78
1 839 93 76
1 839 93 80
1 839 94 74
1 839 95 74
1 839 95 75
1 839 95 76
1 839 99 64
1 839 100 63
1 839 100 64
1 839 101 62
1 839 101 63
1 839 101 64
1 839 102 61
1 839 102 62
1 839 103 60
1 839 103 61
1 839 104 60
1 840 89 70
1 840 90 70
1 840 90 71
1 840 91 71