00 00 00 00 00 00 00 00 00 00 00 00 00 00 00 00 00 00 00 00 00 00 00 00 00 00 00 00 00 00 00 00 00 00 00 00 00 00 00 00 00 00 00 00 00 00 00 00 00 00 00 00 00 00 00 00 00 00 00 00 00 00 00 00 00 00 00 00 00 00 00 00 00 00 00 00 00 00 00 00 00 00 00 00 00 00 00 00 00 00 00 00 00 00 00 00 00 00 00 00 00 00 00 00 00 00 00 00 00 00 00 00 00 00 00 00 00 00 00 00 00 00 00 00 00 00 00 00 00 00 00 00 00 00 00 00 00 00 00 00 00 00 00 00 00 00 00 00 00 00 00 00 00 00 00 00
00 00 00 00 00 00 00 00 00 00 00 00 00 00 00 00 00 00 00 00 00 00 00 00 00 00 00 00 00 00 00 00 00 00 00 00 00 00 00 00 00 00 00 00 00 00 00 00 00 00 00 00 00 00 00 00 00 00 00 00 00 00 00 00 00 00 00 00 00 00 00 00 00 00 00 00 00 00 00 00 00 00 00 00 00 00 00 00 00 00 00 00 00 00 00 00 00 00 00 00 00 00 00 00 00 00 00 00 00 00 00 00 00 00 00 00 00 00 00 00 00 00 00 00 00 00 00 00 00 00 00 00 00 00 00 00 00 00 00 00 00 00 00 00 00 00 00 00 00 00 00 00 00 00 00 00
00 00 00 00 00 00 00 00 00 00 00 00 00 00 00 00 00 00 00 00 00 00 00 00 00 00 00 00 00 00 00 00 00 00 00 00 00 00 00 00 00 00 00 00 00 00 00 00 00 00 00 00 00 00 00 00 00 00 00 00 00 00 00 00 00 00 00 00 00 00 00 00 00 00 00 00 00 00 00 00 00 00 00 00 00 00 00 00 00 00 00 00 00 00 00 00 00 00 00 00 00 00 00 00 00 00 00 00 00 00 00 00 00 00 00 00 00 00 00 00 00 00 00 00 00 00 00 00 00 00 00 00 00 00 00 00 00 00 00 00 00 00 00 00 00 00 00 00 00 00 00 00 00 00 00 00
00 00 00 00 00 00 00 00 00 00 00 00 00 00 00 00 00 00 00 00 00 00 00 00 00 00 00 00 00 00 00 00 00 00 00 00 00 00 00 00 00 00 00 00 00 00 00 00 00 00 00 00 00 00 00 00 00 00 00 00 00 00 00 00 00 00 00 00 00 00 00 00 00 00 00 00 00 00 00 00 00 00 00 00 00 00 00 00 00 00 00 00 00 00 00 00 00 00 00 00 00 00 00 00 00 00 00 00 00 00 00 00 00 00 00 00 00 00 00 00 00 00 00 00 00 00 00 00 00 00 00 00 00 00 00 00 00 00 00 00 00 00 00 00 00 00 00 00 00 00 00 00 00 00 00 00
00 00 00 00 00 00 00 00 00 00 00 00 00 00 00 00 00 00 00 00 00 00 00 00 00 00 00 00 00 00 00 00 00 00 00 00 00 00 00 00 00 00 00 00 00 00 00 00 00 00 00 00 00 00 00 00 00 00 00 00 00 00 00 00 00 00 00 00 00 00 00 00 00 00 00 00 00 00 00 00 00 00 00 00 00 00 00 00 00 00 00 00 00 00 00 00 00 00 00 00 00 00 00 00 00 00 00 00 00 00 00 00 00 00 00 00 00 00 00 00 00 00 00 00 00 00 00 00 00 00 00 00 00 00 00 00 00 00 00 00 00 00 00 00 00 00 00 00 00 00 00 00 00 00 00 00
00 00 00 00 00 00 00 00 00 00 00 00 00 00 00 00 00 00 00 00 00 00 00 00 00 00 00 00 00 00 00 00 00 00 00 00 00 00 00 00 00 00 00 00 00 00 00 00 00 00 00 00 00 00 00 00 00 00 00 00 00 00 00 00 00 00 00 00 00 00 00 00 00 00 00 00 00 00 00 00 00 00 00 00 00 00 00 00 00 00 00 00 00 00 00 00 00 00 00 00 00 00 00 00 00 00 00 00 00 00 00 00 00 00 00 00 00 00 00 00 00 00 00 00 00 00 00 00 00 00 00 00 00 00 00 00 00 00 00 00 00 00 00 00 00 00 00 00 00 00 00 00 00 00 00 00
00 00 00 00 00 00 00 00 00 00 00 00 00 00 00 00 00 00 00 00 00 00 00 00 00 00 00 00 00 00 00 00 00 00 00 00 00 00 00 00 00 00 00 00 00 00 00 00 00 00 00 00 00 00 00 00 00 00 00 00 00 00 00 00 00 00 00 00 00 00 00 00 00 00 00 00 00 00 00 00 00 00 00 00 00 00 00 00 00 00 00 00 00 00 00 00 00 00 00 00 00 00 00 00 00 00 00 00 00 00 00 00 00 00 00 00 00 00 00 00 00 00 00 00 00 00 00 00 00 00 00 00 00 00 00 00 00 00 00 00 00 00 00 00 00 00 00 00 00 00 00 00 00 00 00 00
00 00 00 00 00 00 00 00 00 00 00 00 00 00 00 00 00 00 00 00 00 00 00 00 00 00 00 00 00 00 00 00 00 00 00 00 00 00 00 00 00 00 00 00 00 00 00 00 00 00 00 00 00 00 00 00 00 00 00 00 00 00 00 00 00 00 00 00 00 00 00 00 00 00 00 00 00 00 00 00 00 00 00 00 00 00 00 00 00 00 00 00 00 00 00 00 00 00 00 00 00 00 00 00 00 00 00 00 00 00 00 00 00 00 00 00 00 00 00 00 00 00 00 00 00 00 00 00 00 00 00 00 00 00 00 00 00 00 00 00 00 00 00 00 00 00 00 00 00 00 00 00 00 00 00 00
00 00 00 00 00 00 00 00 00 00 00 00 00 00 00 00 00 00 00 00 00 00 00 00 00 00 00 00 00 00 00 00 00 00 00 00 00 00 00 00 00 00 00 00 00 00 00 00 00 00 00 00 00 00 00 00 00 00 00 00 00 00 00 00 00 00 00 00 00 00 00 00 00 00 00 00 00 00 00 00 00 00 00 00 00 00 00 00 00 00 00 00 00 00 00 00 00 00 00 00 00 00 00 00 00 00 00 00 00 00 00 00 00 00 00 00 00 00 00 00 00 00 00 00 00 00 00 00 00 00 00 00 00 00 00 00 00 00 00 00 00 00 00 00 00 00 00 00 00 00 00 00 00 00 00 00
00 00 00 00 00 00 00 00 00 00 00 00 00 00 00 00 00 00 00 00 00 00 00 00 00 00 00 00 00 00 00 00 00 00 00 00 00 00 00 00 00 00 00 00 00 00 00 00 00 00 00 00 00 00 00 00 00 00 00 00 00 00 00 00 00 00 00 00 00 00 00 00 00 00 00 00 00 00 00 00 00 00 00 00 00 00 00 00 00 00 00 00 00 00 00 00 00 00 00 00 00 00 00 00 00 00 00 00 00 00 00 00 00 00 00 00 00 00 00 00 00 00 00 00 00 00 00 00 00 00 00 00 00 00 00 00 00 00 00 00 00 00 00 00 00 00 00 00 00 00 00 00 00 00 00 00
00 00 00 00 00 00 00 00 00 00 00 00 00 00 00 00 00 00 00 00 00 00 00 00 00 10 02 02 02 02 02 02 02 02 61 62 62 62 63 02 02 02 01 01 02 10 37 10 10 10 10 10 10 10 10 10 10 10 10 10 10 10 10 10 10 10 10 10 10 10 10 10 10 10 35 10 10 10 10 10 10 02 02 02 02 02 35 02 02 02 02 02 02 02 10 10 10 02 02 61 62 62 62 63 02 02 02 02 10 10 10 10 10 10 10 10 10 10 10 10 10 10 10 10 10 00 00 00 00 00 00 00 00 00 00 00 00 00 00 00 00 00 00 00 00 00 00 00 00 00
00 00 00 00 00 00 00 00 00 00 00 00 00 00 00 00 00 00 00 00 00 00 00 00 00 10 02 02 02 02 02 48 49 49 51 62 62 62 52 50 02 02 01 02 01 10 37 10 10 10 10 10 10 10 10 10 10 10 10 10 10 10 10 10 10 10 10 10 10 10 10 10 10 10 35 10 10 10 10 10 02 02 02 02 02 02 35 02 02 02 10 10 10 10 10 10 10 10 10 61 62 62 62 63 02 02 02 01 10 10 10 10 10 10 10 10 10 10 10 10 10 10 10 10 10 00 00 00 00 00 00 00 00 00 00 00 00 00 00 00 00 00 00 00 00 00 00 00 00 00
00 00 00 00 00 00 00 00 00 00 00 00 00 00 00 00 00 00 00 00 00 00 00 00 00 10 02 02 02 02 48 51 62 62 62 62 62 62 62 52 50 02 02 02 01 02 37 10 10 10 10 10 10 10 10 10 10 10 10 10 10 10 10 10 10 10 10 10 10 10 10 10 10 10 35 10 10 10 02 29 30 30 30 30 30 30 32 02 02 10 10 10 10 10 10 10 10 10 10 61 62 62 62 63 02 02 02 01 10 10 10 10 10 10 10 10 10 10 10 10 10 10 10 10 10 00 00 00 00 00 00 00 00 00 00 00 00 00 00 00 00 00 00 00 00 00 00 00 00 00
00 00 00 00 00 00 00 00 00 00 00 00 00 00 00 00 00 00 00 00 00 00 00 00 00 10 02 48 49 49 51 62 62 62 60 60 62 62 62 62 52 49 50 02 02 02 37 02 10 10 10 10 10 10 10 10 10 10 10 10 10 10 10 10 10 10 10 10 10 10 10 10 10 10 35 10 10 02 01 35 02 02 02 02 02 02 02 02 02 10 10 10 10 10 10 10 10 10 10 61 62 62 62 63 02 02 02 01 10 10 10 10 10 10 10 10 10 10 10 10 10 10 10 10 10 00 00 00 00 00 00 00 00 00 00 00 00 00 00 00 00 00 00 00 00 00 00 00 00 00
00 00 00 00 00 00 00 00 00 00 00 00 00 00 00 00 00 00 00 00 00 00 00 00 00 02 02 61 62 62 62 62 62 62 62 62 62 62 62 62 62 62 52 50 02 02 37 02 10 10 10 10 10 02 37 10 10 10 10 10 10 10 10 10 10 10 10 10 10 10 10 10 10 10 35 10 10 01 01 35 02 02 02 02 02 10 10 10 10 10 10 10 10 10 10 10 10 10 10 61 62 62 62 63 02 02 02 02 10 10 10 10 10 10 10 10 10 10 10 10 10 10 10 10 10 00 00 00 00 00 00 00 00 00 00 00 00 00 00 00 00 00 00 00 00 00 00 00 00 00
00 00 00 00 00 00 00 00 00 00 00 00 00 00 00 00 00 00 00 00 00 00 00 00 00 02 02 61 62 62 62 62 60 62 62 62 62 62 62 62 62 62 62 63 02 02 37 02 10 10 10 10 10 02 37 10 10 10 10 10 10 10 10 10 10 10 10 10 10 10 10 10 10 10 35 10 10 02 02 35 10 10 10 10 10 10 10 10 10 10 10 10 10 10 10 10 10 10 10 61 62 62 62 63 02 02 02 01 10 10 10 10 10 10 10 10 10 10 10 10 10 10 10 10 10 00 00 00 00 00 00 00 00 00 00 00 00 00 00 00 00 00 00 00 00 00 00 00 00 00
00 00 00 00 00 00 00 00 00 00 00 00 00 00 00 00 00 00 00 00 00 00 00 00 00 01 02 61 62 62 62 62 62 62 62 62 62 62 62 62 62 62 62 63 01 02 37 02 10 10 10 10 10 02 37 10 10 10 10 10 10 10 10 10 10 10 10 10 10 10 10 10 10 10 35 10 10 01 02 35 10 10 10 10 10 10 10 10 10 10 10 10 10 10 10 10 10 10 10 61 62 62 62 63 02 02 02 01 10 10 10 10 10 10 10 10 10 10 10 10 10 10 10 10 10 00 00 00 00 00 00 00 00 00 00 00 00 00 00 00 00 00 00 00 00 00 00 00 00 00
00 00 00 00 00 00 00 00 00 00 00 00 00 00 00 00 00 00 00 00 00 00 00 00 00 10 01 71 64 62 62 62 62 62 62 62 62 62 62 62 62 65 72 73 01 02 37 02 10 10 10 10 10 02 37 10 10 10 10 10 10 10 10 10 10 10 10 10 10 10 10 10 10 10 35 10 10 01 01 35 10 10 10 10 10 10 10 10 10 10 10 10 10 10 10 10 10 10 10 61 62 62 62 63 02 02 02 01 10 10 10 10 10 10 10 10 10 10 10 10 10 10 10 10 10 00 00 00 00 00 00 00 00 00 00 00 00 00 00 00 00 00 00 00 00 00 00 00 00 00
00 00 00 00 00 00 00 00 00 00 00 00 00 00 00 00 00 00 00 00 00 00 00 00 00 10 01 02 71 72 64 62 62 62 62 62 62 62 62 65 72 73 02 02 02 02 37 10 10 10 10 10 10 02 37 10 10 10 10 10 10 10 10 10 10 10 10 10 10 10 10 10 10 10 35 10 10 02 02 35 10 10 10 02 01 01 01 10 10 10 10 10 10 10 10 10 10 10 02 61 62 62 62 63 02 02 02 01 10 10 10 10 10 10 10 10 10 10 10 10 10 10 10 10 10 00 00 00 00 00 00 00 00 00 00 00 00 00 00 00 00 00 00 00 00 00 00 00 00 00
00 00 00 00 00 00 00 00 00 00 00 00 00 00 00 00 00 00 00 00 00 00 00 00 00 10 01 02 02 02 71 64 62 62 62 62 62 62 62 63 02 02 02 02 02 02 37 02 10 10 10 02 02 02 37 10 10 10 10 10 10 10 10 29 30 31 10 10 10 10 10 10 10 10 35 10 10 10 02 35 10 10 10 02 01 01 01 10 10 01 01 02 10 10 10 10 10 02 02 61 62 62 62 63 02 02 02 02 10 10 10 10 10 10 10 10 10 10 10 10 10 10 10 10 10 00 00 00 00 00 00 00 00 00 00 00 00 00 00 00 00 00 00 00 00 00 00 00 00 00
00 00 00 00 00 00 00 00 00 00 00 00 00 00 00 00 00 00 00 00 00 00 00 00 00 44 44 44 44 38 02 71 72 72 72 72 72 72 72 73 02 02 02 02 02 02 37 02 02 10 02 02 02 02 37 02 10 10 10 10 10 10 10 35 36 37 10 10 10 10 10 10 10 10 35 10 10 10 02 35 10 10 10 02 02 01 01 02 01 02 01 01 10 02 02 10 02 02 02 61 62 62 62 63 02 02 02 01 10 10 10 10 10 10 10 10 10 10 10 10 10 10 10 10 10 00 00 00 00 00 00 00 00 00 00 00 00 00 00 00 00 00 00 00 00 00 00 00 00 00
00 00 00 00 00 00 00 00 00 00 00 00 00 00 00 00 00 00 00 00 00 00 00 00 00 10 10 10 02 35 02 02 02 02 02 58 10 10 02 02 02 02 02 02 02 02 37 02 02 10 02 02 02 02 37 02 10 10 10 10 10 10 10 43 44 45 10 10 10 10 10 10 10 10 35 10 10 01 01 35 10 10 10 02 01 01 02 10 01 01 01 01 01 01 01 01 01 02 02 61 62 62 62 63 02 02 02 02 10 10 10 10 10 10 10 10 10 10 10 10 10 10 10 10 10 00 00 00 00 00 00 00 00 00 00 00 00 00 00 00 00 00 00 00 00 00 00 00 00 00
00 00 00 00 00 00 00 00 00 00 00 00 00 00 00 00 00 00 00 00 00 00 00 00 00 10 10 10 02 43 44 44 38 02 02 58 10 02 02 39 44 44 44 44 44 44 45 02 02 10 10 02 02 02 37 02 10 10 10 10 10 10 10 10 10 10 10 10 10 10 10 10 10 10 35 10 10 01 01 35 10 10 10 02 01 01 10 10 02 01 01 01 01 01 01 01 01 02 02 61 62 62 62 63 02 02 02 02 10 10 10 10 10 10 10 10 10 10 10 10 10 10 10 10 10 00 00 00 00 00 00 00 00 00 00 00 00 00 00 00 00 00 00 00 00 00 00 00 00 00
00 00 00 00 00 00 00 00 00 00 00 00 00 00 00 00 00 00 00 00 00 00 00 00 00 10 10 10 02 02 02 02 35 02 02 58 02 02 02 37 02 02 02 02 02 02 02 02 02 10 10 02 02 02 37 02 10 10 10 10 10 10 10 10 10 10 10 10 10 10 10 10 10 10 35 10 10 01 01 35 10 10 10 10 10 10 10 10 02 02 01 01 01 01 01 01 01 02 02 61 62 62 62 63 02 02 02 02 10 10 10 10 10 10 10 10 10 10 10 10 10 10 10 10 10 00 00 00 00 00 00 00 00 00 00 00 00 00 00 00 00 00 00 00 00 00 00 00 00 00
00 00 00 00 00 00 00 00 00 00 00 00 00 00 00 00 00 00 00 00 00 00 00 00 00 10 10 10 02 02 02 02 35 02 02 58 02 02 02 37 02 02 01 01 01 02 02 02 10 10 10 02 02 02 37 02 10 10 29 30 31 10 10 29 30 31 10 10 29 30 31 10 10 10 35 10 10 01 02 43 44 44 38 10 10 10 02 10 02 02 02 02 02 02 02 02 02 02 02 61 62 62 62 63 02 02 02 02 10 10 10 10 10 10 10 10 10 10 10 10 10 10 10 10 10 00 00 00 00 00 00 00 00 00 00 00 00 00 00 00 00 00 00 00 00 00 00 00 00 00
00 00 00 00 00 00 00 00 00 00 00 00 00 00 00 00 00 00 00 00 00 00 00 00 00 10 10 10 02 02 02 02 43 44 44 85 44 44 44 45 02 48 49 49 49 49 49 49 50 10 10 02 02 02 37 02 10 10 35 36 37 10 10 35 36 37 10 10 35 36 37 10 10 10 35 10 10 01 01 02 02 02 35 10 10 10 10 10 10 10 10 01 01 01 01 01 01 01 01 61 62 62 62 63 02 02 02 02 10 10 10 10 10 10 10 10 10 10 10 10 10 10 10 10 10 00 00 00 00 00 00 00 00 00 00 00 00 00 00 00 00 00 00 00 00 00 00 00 00 00
00 00 00 00 00 00 00 00 00 00 00 00 00 00 00 00 00 00 00 00 00 00 00 00 00 10 10 10 02 02 02 02 02 02 02 58 02 02 02 02 02 61 62 62 62 62 62 62 63 02 02 02 02 02 37 02 10 10 43 44 45 10 10 43 44 45 10 10 43 44 45 10 10 10 35 10 10 10 10 02 02 02 35 02 02 02 10 10 10 10 10 10 10 02 02 02 48 49 49 51 62 62 62 52 50 02 02 01 02 01 10 10 10 10 10 10 10 10 10 10 10 10 10 10 10 00 00 00 00 00 00 00 00 00 00 00 00 00 00 00 00 00 00 00 00 00 00 00 00 00
00 00 00 00 00 00 00 00 00 00 00 00 00 00 00 00 00 00 00 00 00 00 00 00 00 10 10 10 10 10 25 10 10 10 10 58 02 02 02 02 01 61 62 62 65 72 72 72 73 02 02 02 02 02 37 02 10 10 10 10 10 10 10 10 10 10 10 10 10 10 10 10 10 10 40 10 10 10 10 02 02 02 43 44 44 38 10 10 10 10 10 02 02 02 02 48 51 62 62 62 62 62 62 62 52 49 50 02 02 01 02 01 10 10 10 10 10 10 10 10 10 10 10 10 10 00 00 00 00 00 00 00 00 00 00 00 00 00 00 00 00 00 00 00 00 00 00 00 00 00
00 00 00 00 00 00 00 00 00 00 00 00 00 00 00 00 00 00 00 00 00 00 00 00 00 10 10 10 10 10 03 10 10 10 10 58 02 02 02 48 78 51 62 62 63 10 02 02 02 02 02 02 02 02 37 02 10 10 10 10 10 10 10 10 10 10 10 10 10 10 10 10 10 10 40 10 10 10 10 10 10 10 02 02 02 40 10 10 10 02 48 49 49 49 49 51 62 62 62 62 62 62 62 62 62 62 52 50 02 02 02 01 10 10 10 10 10 10 10 10 10 10 10 10 10 00 00 00 00 00 00 00 00 00 00 00 00 00 00 00 00 00 00 00 00 00 00 00 00 00
00 00 00 00 00 00 00 00 00 00 00 00 00 00 00 00 00 00 00 00 00 00 00 00 00 10 10 10 10 10 11 10 10 10 10 84 77 77 77 59 79 79 79 79 80 10 02 39 44 44 44 44 44 44 45 02 10 10 10 10 10 10 10 29 30 31 10 10 10 10 10 10 10 10 40 10 10 10 10 10 10 10 02 02 02 35 02 02 01 02 61 62 62 62 62 62 62 62 62 62 62 62 62 62 62 62 62 52 49 50 02 02 10 10 10 10 10 10 10 10 10 10 10 10 10 00 00 00 00 00 00 00 00 00 00 00 00 00 00 00 00 00 00 00 00 00 00 00 00 00
00 00 00 00 00 00 00 00 00 00 00 00 00 00 00 00 00 00 00 00 00 00 00 00 00 10 10 10 10 10 11 10 10 10 10 10 02 02 02 71 82 82 82 82 83 10 02 37 02 02 02 02 02 02 02 02 10 10 10 10 10 10 10 35 36 37 10 10 10 10 10 10 10 10 35 02 02 02 02 10 10 10 02 02 02 43 44 44 38 02 61 62 62 62 62 62 62 62 62 62 62 62 62 62 62 62 62 62 62 52 50 02 10 10 10 10 10 10 10 10 10 10 10 10 10 00 00 00 00 00 00 00 00 00 00 00 00 00 00 00 00 00 00 00 00 00 00 00 00 00
00 00 00 00 00 00 00 00 00 00 00 00 00 00 00 00 00 00 00 00 00 00 00 00 00 02 02 02 02 02 11 10 10 02 02 02 02 02 02 02 02 02 02 02 02 02 02 37 02 02 01 01 01 02 02 02 10 10 10 10 10 10 10 43 44 45 10 10 10 10 10 10 10 10 43 44 44 38 10 10 10 02 02 10 10 02 02 02 35 02 61 62 62 62 62 62 62 62 62 62 62 62 62 62 62 62 62 62 62 62 63 10 10 10 10 10 10 10 10 10 10 10 10 10 10 00 00 00 00 00 00 00 00 00 00 00 00 00 00 00 00 00 00 00 00 00 00 00 00 00
00 00 00 00 00 00 00 00 00 00 00 00 00 00 00 00 00 00 00 00 00 00 00 00 00 44 44 38 02 02 11 10 10 02 39 44 44 44 44 44 44 44 44 44 44 44 44 45 02 01 01 02 02 01 01 01 10 10 10 10 10 10 10 10 10 10 10 10 10 10 10 10 10 10 02 02 02 35 10 10 10 10 02 02 10 02 02 02 35 01 61 62 62 62 62 62 62 62 62 62 62 62 62 62 62 62 62 62 62 62 52 49 49 86 49 49 49 49 49 49 49 49 49 49 49 00 00 00 00 00 00 00 00 00 00 00 00 00 00 00 00 00 00 00 00 00 00 00 00 00
00 00 00 00 00 00 00 00 00 00 00 00 00 00 00 00 00 00 00 00 00 00 00 00 00 02 02 35 02 02 11 10 10 02 37 02 02 02 02 02 02 02 02 02 02 02 02 02 02 01 01 02 01 01 02 01 10 10 10 10 10 10 10 10 10 10 10 10 10 10 10 10 10 10 02 02 02 35 02 02 02 10 10 10 10 02 02 02 35 01 61 62 62 62 62 62 62 62 62 62 62 62 62 62 62 62 62 62 62 62 65 72 72 88 72 72 72 72 72 72 72 72 72 72 72 00 00 00 00 00 00 00 00 00 00 00 00 00 00 00 00 00 00 00 00 00 00 00 00 00
00 00 00 00 00 00 00 00 00 00 00 00 00 00 00 00 00 00 00 00 00 00 00 00 00 02 02 35 02 02 11 02 02 02 37 02 02 01 01 01 02 02 10 10 10 10 10 10 10 10 10 10 10 10 10 10 10 10 10 10 10 10 10 10 10 10 10 10 10 10 10 10 10 10 02 02 02 43 44 44 38 10 10 10 02 02 02 02 40 01 71 64 62 62 62 62 62 62 62 62 62 62 62 62 62 62 62 62 62 62 63 10 10 10 10 10 10 10 10 10 10 10 10 10 10 00 00 00 00 00 00 00 00 00 00 00 00 00 00 00 00 00 00 00 00 00 00 00 00 00
00 00 00 00 00 00 00 00 00 00 00 00 00 00 00 00 00 00 00 00 00 00 00 00 00 02 02 43 44 44 47 44 44 44 45 02 01 01 02 02 01 01 10 10 10 10 10 10 10 10 10 10 10 10 10 10 10 10 10 10 10 10 10 10 10 10 10 10 10 10 10 10 10 10 10 10 10 02 02 02 35 10 10 10 10 10 10 10 40 01 02 71 72 72 72 64 62 62 62 62 62 62 62 62 62 62 62 62 62 62 63 10 10 10 10 10 10 10 10 10 10 10 10 10 10 00 00 00 00 00 00 00 00 00 00 00 00 00 00 00 00 00 00 00 00 00 00 00 00 00
00 00 00 00 00 00 00 00 00 00 00 00 00 00 00 00 00 00 00 00 00 00 00 00 00 02 02 02 02 02 11 02 02 02 02 02 01 01 02 01 01 02 10 10 10 10 10 10 10 10 10 10 10 10 10 10 10 10 10 10 10 10 10 10 10 10 10 10 10 10 10 10 10 10 10 10 10 02 02 02 35 02 02 02 02 10 10 10 40 10 10 01 02 02 02 71 64 62 62 62 62 62 62 62 62 62 62 62 65 72 73 10 10 10 10 10 10 10 10 10 10 10 10 10 10 00 00 00 00 00 00 00 00 00 00 00 00 00 00 00 00 00 00 00 00 00 00 00 00 00
00 00 00 00 00 00 00 00 00 00 00 00 00 00 00 00 00 00 00 00 00 00 00 00 00 10 10 10 10 10 11 10 10 10 10 10 10 10 10 10 10 10 10 10 10 10 10 10 10 10 10 10 05 06 06 06 06 06 06 06 06 06 06 06 07 10 10 10 10 10 10 10 10 10 10 10 10 02 02 02 43 44 44 38 10 10 10 10 35 10 10 10 10 10 10 10 71 72 72 72 72 72 72 72 72 72 72 72 73 02 02 10 10 10 10 10 10 10 10 10 10 10 10 10 10 00 00 00 00 00 00 00 00 00 00 00 00 00 00 00 00 00 00 00 00 00 00 00 00 00
00 00 00 00 00 00 00 00 00 00 00 00 00 00 00 00 00 00 00 00 00 00 00 00 00 10 10 10 10 10 11 10 10 10 10 10 10 10 10 05 06 06 06 06 06 06 06 06 06 06 06 06 08 13 13 13 13 13 13 13 13 13 13 13 13 06 06 07 10 10 10 10 10 10 10 10 10 10 10 10 02 02 02 35 10 10 10 10 35 02 02 02 10 10 10 10 10 10 02 02 02 02 02 02 01 01 01 02 10 10 10 10 10 10 10 10 10 10 10 10 10 10 10 10 10 00 00 00 00 00 00 00 00 00 00 00 00 00 00 00 00 00 00 00 00 00 00 00 00 00
00 00 00 00 00 00 00 00 00 00 00 00 00 00 00 00 00 00 00 00 00 00 00 00 00 10 10 10 10 10 11 10 10 10 10 10 10 05 06 08 13 13 13 13 13 13 13 13 13 13 13 13 13 13 13 13 13 13 13 13 13 13 13 13 13 13 13 13 06 07 10 10 10 10 10 10 10 02 10 10 02 02 02 35 02 02 02 10 43 44 44 44 44 44 44 44 44 38 10 10 02 02 02 02 01 02 10 02 10 10 10 10 10 10 10 10 10 10 10 10 10 10 10 10 10 00 00 00 00 00 00 00 00 00 00 00 00 00 00 00 00 00 00 00 00 00 00 00 00 00
00 00 00 00 00 00 00 00 00 00 00 00 00 00 00 00 00 00 00 00 00 00 00 00 00 10 10 10 10 10 20 27 27 27 27 06 06 08 13 13 13 13 13 13 13 13 13 13 13 13 13 13 13 13 13 13 13 13 13 13 13 13 13 13 13 13 13 13 13 13 06 07 10 10 10 10 10 01 10 02 02 02 02 43 44 44 44 44 44 44 44 44 38 10 10 10 02 35 10 10 10 10 10 01 02 10 10 02 10 10 10 10 10 10 10 10 10 10 10 10 10 10 10 10 10 00 00 00 00 00 00 00 00 00 00 00 00 00 00 00 00 00 00 00 00 00 00 00 00 00
00 00 00 00 00 00 00 00 00 00 00 00 00 00 00 00 00 00 00 00 00 00 00 00 00 10 10 10 10 10 10 10 10 05 06 13 13 13 13 13 13 13 13 13 13 13 13 13 13 13 13 13 13 13 13 13 13 13 13 13 13 13 13 13 13 13 13 13 13 13 13 13 06 06 07 10 10 10 10 10 10 10 10 10 10 10 10 10 10 10 10 02 35 02 10 10 10 35 10 10 10 10 10 10 10 10 10 10 10 10 10 10 10 10 10 02 10 10 10 10 10 10 10 10 10 00 00 00 00 00 00 00 00 00 00 00 00 00 00 00 00 00 00 00 00 00 00 00 00 00
00 00 00 00 00 00 00 00 00 00 00 00 00 00 00 00 00 00 00 00 00 00 00 00 00 10 10 10 10 10 10 05 06 08 13 13 13 13 13 13 13 13 13 13 13 13 13 13 13 13 13 13 13 13 13 13 13 13 13 13 13 13 13 13 13 13 13 13 13 13 13 13 13 13 13 06 06 07 10 10 10 10 10 10 10 10 10 10 10 10 10 02 43 44 44 44 44 38 10 10 10 10 10 10 10 10 10 10 10 10 10 10 10 10 10 10 10 10 10 10 10 10 10 10 10 00 00 00 00 00 00 00 00 00 00 00 00 00 00 00 00 00 00 00 00 00 00 00 00 00
00 00 00 00 00 00 00 00 00 00 00 00 00 00 00 00 00 00 00 00 00 00 00 00 00 10 10 10 10 05 06 08 13 13 13 13 13 13 13 13 13 13 13 13 13 13 13 13 13 13 13 13 13 13 13 13 13 13 13 13 13 13 13 13 13 13 13 13 13 13 13 13 13 13 13 13 13 09 06 06 06 07 10 10 10 10 10 10 10 10 10 10 10 10 10 10 10 35 10 10 10 10 10 10 10 10 10 10 10 10 10 10 10 10 10 10 10 10 10 10 10 10 10 10 10 00 00 00 00 00 00 00 00 00 00 00 00 00 00 00 00 00 00 00 00 00 00 00 00 00
00 00 00 00 00 00 00 00 00 00 00 00 00 00 00 00 00 00 00 00 00 00 00 00 00 10 10 05 06 08 13 13 13 13 13 13 13 13 13 13 13 13 13 13 13 13 13 13 13 13 13 13 13 13 13 13 13 13 13 13 13 13 13 13 13 13 13 13 13 13 13 13 13 13 13 13 13 13 13 13 13 09 07 10 10 10 10 10 10 10 10 10 10 10 10 10 10 35 10 10 10 10 10 10 10 10 10 10 10 10 10 10 10 10 10 10 10 10 10 10 10 10 10 10 10 00 00 00 00 00 00 00 00 00 00 00 00 00 00 00 00 00 00 00 00 00 00 00 00 00
00 00 00 00 00 00 00 00 00 00 00 00 00 00 00 00 00 00 00 00 00 00 00 00 00 10 05 08 13 13 13 13 13 13 13 13 13 13 13 13 13 13 13 13 13 13 13 13 13 13 13 13 13 13 13 13 13 13 13 13 13 13 13 13 13 13 13 13 13 13 13 13 13 13 13 13 13 13 13 13 13 13 09 06 06 07 10 10 10 10 10 10 10 10 10 10 10 43 44 44 44 44 44 38 10 10 10 10 10 10 10 10 10 10 10 10 10 10 10 10 10 10 10 02 02 00 00 00 00 00 00 00 00 00 00 00 00 00 00 00 00 00 00 00 00 00 00 00 00 00
00 00 00 00 00 00 00 00 00 00 00 00 00 00 00 00 00 00 00 00 00 00 00 00 00 05 08 13 13 13 13 13 13 13 13 13 13 13 13 13 13 13 13 13 13 13 13 13 13 13 13 13 13 13 13 13 13 13 13 13 13 13 13 13 13 13 13 13 13 13 13 13 13 13 13 13 13 13 13 13 13 13 13 13 13 09 06 06 07 10 10 10 10 10 10 10 10 10 10 10 10 10 10 35 10 10 10 10 10 10 10 10 10 10 10 10 10 10 10 10 10 10 10 10 10 00 00 00 00 00 00 00 00 00 00 00 00 00 00 00 00 00 00 00 00 00 00 00 00 00
00 00 00 00 00 00 00 00 00 00 00 00 00 00 00 00 00 00 00 00 00 00 00 00 00 08 13 13 13 13 13 13 13 13 13 13 13 13 13 13 13 13 13 13 13 13 13 13 13 13 13 13 13 13 13 13 13 13 13 13 13 13 13 13 13 13 13 13 13 13 13 13 13 13 13 13 13 13 13 13 13 13 13 13 13 13 13 13 09 06 06 07 10 10 10 10 10 10 10 10 10 10 10 35 10 10 10 10 10 10 10 10 10 10 10 10 10 10 10 10 10 10 10 10 10 00 00 00 00 00 00 00 00 00 00 00 00 00 00 00 00 00 00 00 00 00 00 00 00 00
00 00 00 00 00 00 00 00 00 00 00 00 00 00 00 00 00 00 00 00 00 00 00 00 00 13 13 13 13 13 13 13 13 13 13 13 13 13 13 13 13 13 13 13 13 13 13 13 53 54 54 54 54 86 54 54 54 54 54 55 13 13 13 13 13 13 13 13 13 13 13 13 13 13 13 13 13 13 13 13 13 13 13 13 13 13 13 13 13 13 13 09 06 07 10 10 10 10 10 10 10 10 10 35 02 01 01 10 10 10 10 10 10 10 10 10 10 10 10 10 10 10 10 10 10 00 00 00 00 00 00 00 00 00 00 00 00 00 00 00 00 00 00 00 00 00 00 00 00 00
00 00 00 00 00 00 00 00 00 00 00 00 00 00 00 00 00 00 00 00 00 00 00 00 00 13 13 13 13 13 13 13 13 13 13 13 13 13 13 13 13 13 13 13 13 53 54 54 56 67 67 67 67 87 67 67 67 67 67 57 54 54 54 55 13 13 13 13 13 13 13 13 13 13 13 13 13 13 13 13 13 13 13 13 13 13 13 13 13 13 13 13 13 09 06 07 10 10 10 10 10 10 10 43 44 44 44 44 44 38 10 10 10 10 10 10 10 10 10 10 10 10 10 10 10 00 00 00 00 00 00 00 00 00 00 00 00 00 00 00 00 00 00 00 00 00 00 00 00 00
00 00 00 00 00 00 00 00 00 00 00 00 00 00 00 00 00 00 00 00 00 00 00 00 00 13 13 13 13 13 13 13 13 13 13 13 13 13 13 13 13 13 53 54 54 56 67 67 67 67 67 67 67 87 67 67 67 67 67 67 67 67 67 57 54 54 55 13 13 13 13 13 13 13 13 13 13 13 13 13 13 13 13 13 13 13 13 13 13 13 13 13 13 13 13 09 06 07 10 10 10 10 10 10 10 10 10 10 10 43 38 10 10 10 10 10 10 10 10 10 10 10 10 10 10 00 00 00 00 00 00 00 00 00 00 00 00 00 00 00 00 00 00 00 00 00 00 00 00 00
00 00 00 00 00 00 00 00 00 00 00 00 00 00 00 00 00 00 00 00 00 00 00 00 00 13 13 13 13 13 13 13 13 13 13 13 13 13 13 13 53 54 56 67 67 67 67 67 67 67 67 67 67 87 67 67 67 67 67 67 67 67 67 67 67 67 57 54 54 55 13 13 13 13 13 13 13 13 13 13 13 13 13 13 13 13 13 13 13 13 13 13 13 13 13 13 13 09 07 10 10 10 10 10 10 10 10 10 10 10 43 44 44 38 10 10 10 10 10 10 10 10 10 10 10 00 00 00 00 00 00 00 00 00 00 00 00 00 00 00 00 00 00 00 00 00 00 00 00 00
00 00 00 00 00 00 00 00 00 00 00 00 00 00 00 00 00 00 00 00 00 00 00 00 00 13 13 13 13 13 13 13 13 13 13 13 13 13 53 54 56 67 67 67 67 67 67 67 67 67 67 70 75 88 75 69 67 67 67 67 67 67 67 67 67 67 67 67 67 57 54 54 55 13 13 13 13 13 13 13 13 13 13 13 13 13 13 13 13 13 13 13 13 13 13 13 13 13 09 06 06 07 10 10 10 10 10 10 10 10 10 10 10 43 44 44 44 44 44 44 44 44 44 44 44 00 00 00 00 00 00 00 00 00 00 00 00 00 00 00 00 00 00 00 00 00 00 00 00 00
00 00 00 00 00 00 00 00 00 00 00 00 00 00 00 00 00 00 00 00 00 00 00 00 00 13 13 13 13 13 13 13 13 13 13 13 53 54 56 67 67 67 67 67 67 67 67 67 67 67 67 68 15 15 15 74 75 75 75 75 75 75 75 75 75 75 69 67 67 67 67 67 57 55 13 13 13 13 13 13 13 13 13 13 13 13 13 13 13 13 13 13 13 13 13 13 13 13 13 13 13 09 06 07 10 10 10 10 10 10 10 10 10 10 10 10 10 10 10 10 10 10 10 10 10 00 00 00 00 00 00 00 00 00 00 00 00 00 00 00 00 00 00 00 00 00 00 00 00 00
00 00 00 00 00 00 00 00 00 00 00 00 00 00 00 00 00 00 00 00 00 00 00 00 00 13 13 13 13 13 13 13 13 13 13 53 56 67 67 67 67 67 67 67 67 67 67 67 67 67 67 68 15 15 15 15 15 15 15 15 15 15 15 15 15 15 74 75 69 67 67 67 67 57 54 54 55 13 13 13 13 13 13 13 13 13 13 13 13 13 13 13 13 13 13 13 13 13 13 13 13 13 13 09 07 10 10 10 10 10 10 10 10 10 10 10 10 10 10 10 10 10 10 10 10 00 00 00 00 00 00 00 00 00 00 00 00 00 00 00 00 00 00 00 00 00 00 00 00 00
00 00 00 00 00 00 00 00 00 00 00 00 00 00 00 00 00 00 00 00 00 00 00 00 00 13 13 13 13 13 13 13 53 54 54 56 67 67 67 67 67 67 67 67 67 67 67 67 67 67 70 76 15 15 15 15 15 15 15 15 15 15 15 15 15 15 15 15 74 75 75 69 67 67 67 67 57 54 54 54 55 13 13 13 13 13 13 13 13 13 13 13 13 13 13 13 13 13 13 13 13 13 13 13 09 06 07 10 10 10 10 10 10 10 10 10 10 10 10 10 10 10 10 10 10 00 00 00 00 00 00 00 00 00 00 00 00 00 00 00 00 00 00 00 00 00 00 00 00 00
00 00 00 00 00 00 00 00 00 00 00 00 00 00 00 00 00 00 00 00 00 00 00 00 00 13 13 13 13 13 13 53 56 67 67 67 67 67 67 67 67 67 67 67 67 67 67 67 70 75 76 15 15 15 15 15 15 15 15 15 15 15 15 15 15 15 15 15 15 15 15 74 75 75 69 67 67 67 67 67 57 54 54 55 13 13 13 13 13 13 13 13 13 13 13 13 13 13 13 13 13 13 13 13 13 13 16 10 10 10 10 10 10 10 10 10 10 10 10 10 10 10 10 10 10 00 00 00 00 00 00 00 00 00 00 00 00 00 00 00 00 00 00 00 00 00 00 00 00 00
00 00 00 00 00 00 00 00 00 00 00 00 00 00 00 00 00 00 00 00 00 00 00 00 00 13 13 13 13 13 53 56 67 67 67 67 67 67 67 67 67 67 67 67 67 70 75 75 76 15 15 15 15 15 15 15 15 15 15 15 15 15 15 15 15 15 15 15 15 15 15 15 15 15 74 75 69 67 67 67 67 67 67 57 54 54 55 13 13 13 13 13 13 13 13 13 13 13 13 13 13 13 13 13 13 13 09 07 10 10 10 10 10 10 10 10 10 10 10 10 10 10 10 10 10 00 00 00 00 00 00 00 00 00 00 00 00 00 00 00 00 00 00 00 00 00 00 00 00 00
00 00 00 00 00 00 00 00 00 00 00 00 00 00 00 00 00 00 00 00 00 00 00 00 00 13 13 13 13 53 56 67 67 67 67 67 67 67 67 67 67 67 70 75 75 76 15 15 15 15 15 15 15 15 15 15 15 15 15 15 15 15 15 15 15 15 15 15 15 15 15 15 15 15 15 15 74 69 67 67 67 67 67 67 67 67 57 54 55 13 13 13 13 13 13 13 13 13 13 13 13 13 13 13 13 13 13 09 06 07 10 10 10 10 10 10 10 10 10 10 10 10 10 10 10 00 00 00 00 00 00 00 00 00 00 00 00 00 00 00 00 00 00 00 00 00 00 00 00 00
00 00 00 00 00 00 00 00 00 00 00 00 00 00 00 00 00 00 00 00 00 00 00 00 00 13 53 54 54 56 67 67 67 67 67 67 67 67 67 70 75 75 76 15 15 15 15 15 15 15 15 15 15 23 23 23 17 15 15 15 15 15 15 15 15 15 15 15 15 15 15 15 15 15 15 15 15 74 69 67 67 67 67 67 67 67 67 67 57 54 54 55 13 13 13 13 13 13 13 13 13 13 13 13 13 13 13 13 13 09 06 06 07 10 10 10 10 10 10 10 10 10 10 10 10 00 00 00 00 00 00 00 00 00 00 00 00 00 00 00 00 00 00 00 00 00 00 00 00 00
00 00 00 00 00 00 00 00 00 00 00 00 00 00 00 00 00 00 00 00 00 00 00 00 00 54 56 67 67 67 67 67 67 67 67 67 67 70 75 76 15 15 15 15 15 15 15 15 15 15 15 15 16 02 02 02 22 23 23 23 23 23 23 23 23 17 15 15 15 15 15 15 15 15 15 15 15 15 74 75 69 67 67 67 67 67 67 67 67 67 67 57 55 13 13 13 13 13 13 13 13 13 13 13 13 13 13 13 13 13 13 13 09 07 10 10 10 10 10 10 10 10 10 10 10 00 00 00 00 00 00 00 00 00 00 00 00 00 00 00 00 00 00 00 00 00 00 00 00 00
00 00 00 00 00 00 00 00 00 00 00 00 00 00 00 00 00 00 00 00 00 00 00 00 00 67 67 67 67 67 67 67 67 67 67 70 75 76 15 15 15 15 15 15 15 15 15 15 15 15 15 15 16 02 02 02 02 02 02 02 02 02 02 02 02 14 15 15 15 15 15 15 15 15 15 15 15 15 15 15 74 69 67 67 67 67 67 67 67 67 67 67 57 54 55 13 13 13 13 13 13 13 13 13 13 13 13 13 13 13 13 13 13 09 06 07 10 10 10 10 10 10 10 10 10 00 00 00 00 00 00 00 00 00 00 00 00 00 00 00 00 00 00 00 00 00 00 00 00 00
00 00 00 00 00 00 00 00 00 00 00 00 00 00 00 00 00 00 00 00 00 00 00 00 00 67 67 67 67 67 67 67 67 67 70 76 15 15 15 15 15 15 15 15 15 15 15 15 15 15 15 18 24 02 02 02 02 02 02 02 02 02 02 02 02 22 15 15 15 15 15 15 15 15 15 15 15 15 15 15 15 74 75 69 67 67 67 67 67 67 67 67 67 67 57 54 55 13 13 13 13 13 13 13 13 13 13 13 13 13 13 13 13 13 13 09 07 10 10 10 10 10 10 10 10 00 00 00 00 00 00 00 00 00 00 00 00 00 00 00 00 00 00 00 00 00 00 00 00 00
00 00 00 00 00 00 00 00 00 00 00 00 00 00 00 00 00 00 00 00 00 00 00 00 00 67 67 67 67 67 67 67 67 70 76 15 15 15 15 15 15 15 15 15 15 15 15 18 23 23 23 24 02 02 02 02 02 02 02 02 02 02 02 02 02 02 22 23 17 15 15 15 15 15 15 15 15 15 15 15 15 15 15 74 75 69 67 67 67 67 67 67 67 67 67 67 57 55 13 13 13 13 13 13 13 13 13 13 13 13 13 13 13 13 13 13 09 07 10 10 10 10 10 10 10 00 00 00 00 00 00 00 00 00 00 00 00 00 00 00 00 00 00 00 00 00 00 00 00 00
00 00 00 00 00 00 00 00 00 00 00 00 00 00 00 00 00 00 00 00 00 00 00 00 00 67 67 67 67 67 67 67 70 76 15 15 15 15 15 15 15 15 15 15 18 23 23 24 02 02 02 02 02 02 02 02 02 02 02 02 02 02 02 02 02 02 02 02 22 17 15 15 15 15 15 15 15 15 15 15 15 15 15 15 15 74 69 67 67 67 67 67 67 67 67 67 67 57 54 55 13 13 13 13 13 13 13 13 13 13 13 13 13 13 13 13 13 09 07 10 10 10 10 10 10 00 00 00 00 00 00 00 00 00 00 00 00 00 00 00 00 00 00 00 00 00 00 00 00 00
00 00 00 00 00 00 00 00 00 00 00 00 00 00 00 00 00 00 00 00 00 00 00 00 00 67 67 67 67 67 67 70 76 15 15 15 15 15 15 15 15 15 18 23 24 02 02 02 02 02 02 02 02 02 02 02 02 02 02 02 02 02 02 02 02 02 02 02 02 14 18 17 15 15 15 15 15 15 15 15 15 15 15 15 15 15 74 69 67 67 67 67 67 67 67 67 67 67 67 57 54 54 55 13 13 13 13 13 13 13 13 13 13 13 13 13 13 13 16 10 10 10 10 10 10 00 00 00 00 00 00 00 00 00 00 00 00 00 00 00 00 00 00 00 00 00 00 00 00 00
00 00 00 00 00 00 00 00 00 00 00 00 00 00 00 00 00 00 00 00 00 00 00 00 00 67 67 67 70 75 75 76 15 15 15 15 15 15 15 15 15 18 24 02 02 02 02 02 02 02 02 02 02 02 02 02 02 02 02 02 02 02 02 02 02 02 02 02 02 14 16 22 23 17 15 15 15 15 15 15 15 15 15 15 15 15 15 74 75 69 67 67 67 67 67 67 67 67 67 67 67 67 57 54 54 55 13 13 13 13 13 13 13 13 13 13 13 13 09 07 10 10 10 10 10 00 00 00 00 00 00 00 00 00 00 00 00 00 00 00 00 00 00 00 00 00 00 00 00 00
00 00 00 00 00 00 00 00 00 00 00 00 00 00 00 00 00 00 00 00 00 00 00 00 00 67 67 67 68 15 15 15 15 15 15 15 15 15 15 18 23 24 02 02 29 30 30 30 30 30 30 30 30 30 30 30 30 30 30 30 30 30 30 31 02 02 02 02 02 14 16 02 02 22 17 15 15 15 15 15 15 15 15 15 15 15 15 15 15 74 69 67 67 67 67 67 67 67 67 67 67 67 67 67 67 57 54 55 13 13 13 13 13 13 13 13 13 13 13 09 07 10 10 10 10 00 00 00 00 00 00 00 00 00 00 00 00 00 00 00 00 00 00 00 00 00 00 00 00 00
00 00 00 00 00 00 00 00 00 00 00 00 00 00 00 00 00 00 00 00 00 00 00 00 00 67 67 67 68 15 15 15 15 15 15 15 15 15 18 24 02 02 02 02 35 02 02 02 02 02 02 02 02 02 02 02 02 01 01 02 02 01 01 37 02 02 02 01 02 14 16 02 02 02 22 17 15 15 15 15 15 15 15 15 15 15 15 15 15 15 74 69 67 67 67 67 67 67 67 67 67 67 67 67 67 67 67 57 54 54 54 55 13 13 13 13 13 13 13 13 09 07 10 10 10 00 00 00 00 00 00 00 00 00 00 00 00 00 00 00 00 00 00 00 00 00 00 00 00 00
00 00 00 00 00 00 00 00 00 00 00 00 00 00 00 00 00 00 00 00 00 00 00 00 00 67 67 70 76 15 15 15 15 15 15 15 15 18 24 02 02 02 02 02 35 02 02 02 02 02 02 02 48 49 50 02 02 01 02 01 02 02 01 37 02 02 02 02 02 14 16 02 02 02 02 22 23 23 23 23 17 15 15 15 15 15 15 15 15 15 15 74 69 67 67 67 67 67 67 67 67 67 67 67 67 67 67 67 67 67 67 57 54 55 13 13 13 13 13 13 13 09 07 10 10 00 00 00 00 00 00 00 00 00 00 00 00 00 00 00 00 00 00 00 00 00 00 00 00 00
00 00 00 00 00 00 00 00 00 00 00 00 00 00 00 00 00 00 00 00 00 00 00 00 00 67 67 68 15 15 15 15 15 15 18 23 23 24 02 02 02 02 02 02 35 02 02 02 02 02 02 48 51 62 52 50 02 02 02 01 02 02 02 37 02 01 02 02 02 14 16 02 02 02 02 02 02 02 02 02 14 15 15 15 15 15 15 15 15 15 15 15 74 69 67 67 67 67 67 67 67 67 67 67 67 67 67 67 67 67 67 67 67 57 54 55 13 13 13 13 13 13 09 06 07 00 00 00 00 00 00 00 00 00 00 00 00 00 00 00 00 00 00 00 00 00 00 00 00 00
00 00 00 00 00 00 00 00 00 00 00 00 00 00 00 00 00 00 00 00 00 00 00 00 00 75 75 76 15 15 15 15 18 21 24 02 02 29 30 30 30 30 30 30 32 02 02 02 48 49 49 51 62 62 62 52 49 50 02 02 02 01 02 37 02 01 02 01 02 14 16 02 02 02 02 02 02 02 02 02 22 17 15 15 15 15 15 15 15 15 15 15 15 74 69 67 67 67 67 67 67 67 67 67 67 67 67 67 67 67 67 67 67 67 67 57 55 13 13 13 13 13 13 13 09 00 00 00 00 00 00 00 00 00 00 00 00 00 00 00 00 00 00 00 00 00 00 00 00 00
00 00 00 00 00 00 00 00 00 00 00 00 00 00 00 00 00 00 00 00 00 00 00 00 00 15 15 15 15 15 18 23 24 11 02 02 01 35 02 02 02 02 02 02 02 02 02 02 61 62 62 62 62 62 62 62 62 52 50 02 01 02 02 37 02 01 02 02 02 14 16 02 02 02 02 02 02 02 02 02 02 22 17 15 15 15 15 15 15 15 15 15 15 15 74 69 67 67 67 67 67 67 67 67 67 67 67 67 67 67 67 67 67 67 67 67 57 54 55 13 13 13 13 13 13 00 00 00 00 00 00 00 00 00 00 00 00 00 00 00 00 00 00 00 00 00 00 00 00 00
00 00 00 00 00 00 00 00 00 00 00 00 00 00 00 00 00 00 00 00 00 00 00 00 00 15 15 15 15 18 24 01 01 11 02 01 01 35 02 02 02 02 02 02 02 02 02 02 61 62 62 62 62 62 62 62 62 62 63 02 01 01 02 37 02 02 01 02 02 14 16 02 02 02 02 02 02 02 02 02 02 02 22 23 17 15 15 15 15 15 15 15 15 15 15 74 69 67 67 67 67 67 67 67 67 67 67 67 67 67 67 67 67 67 67 67 67 67 57 55 13 13 13 13 13 00 00 00 00 00 00 00 00 00 00 00 00 00 00 00 00 00 00 00 00 00 00 00 00 00
00 00 00 00 00 00 00 00 00 00 00 00 00 00 00 00 00 00 00 00 00 00 00 00 00 15 15 18 23 24 01 01 01 11 02 02 02 35 02 48 49 49 49 49 49 49 49 49 51 62 62 62 62 62 62 62 62 62 63 01 02 01 02 37 02 01 02 02 02 14 16 02 02 02 02 02 02 02 02 02 02 02 02 02 22 23 17 15 15 15 15 15 15 15 15 15 74 69 67 67 67 67 67 67 67 67 67 67 67 67 67 67 67 67 67 67 67 67 67 57 55 13 13 13 13 00 00 00 00 00 00 00 00 00 00 00 00 00 00 00 00 00 00 00 00 00 00 00 00 00
00 00 00 00 00 00 00 00 00 00 00 00 00 00 00 00 00 00 00 00 00 00 00 00 00 15 18 24 01 01 01 01 01 11 02 01 02 35 02 61 65 72 72 72 72 72 72 72 64 62 62 62 62 62 62 62 65 72 73 01 01 01 02 37 02 01 02 01 02 14 16 02 02 02 02 02 02 02 02 02 02 02 02 02 02 02 22 23 17 15 15 15 15 15 15 15 15 74 75 69 67 67 67 67 67 67 67 67 67 67 67 67 67 67 67 67 67 67 67 67 57 54 55 13 13 00 00 00 00 00 00 00 00 00 00 00 00 00 00 00 00 00 00 00 00 00 00 00 00 00
00 00 00 00 00 00 00 00 00 00 00 00 00 00 00 00 00 00 00 00 00 00 00 00 00 18 24 01 01 01 01 01 01 11 02 01 01 35 02 61 63 02 02 02 02 02 02 02 71 72 64 62 62 62 65 72 73 02 02 02 02 02 02 37 02 01 02 02 02 14 16 02 02 02 02 02 01 02 02 02 02 02 02 02 02 02 02 02 22 23 17 15 15 15 15 15 15 15 15 74 69 67 67 67 67 67 67 67 67 67 67 67 67 67 67 67 67 67 67 67 67 67 57 55 13 00 00 00 00 00 00 00 00 00 00 00 00 00 00 00 00 00 00 00 00 00 00 00 00 00
00 00 00 00 00 00 00 00 00 00 00 00 00 00 00 00 00 00 00 00 00 00 00 00 00 16 01 01 01 01 01 01 01 11 02 02 02 35 02 61 63 02 01 01 01 02 02 02 02 02 71 64 62 62 63 02 02 02 02 02 02 02 02 37 02 01 01 01 02 14 16 02 29 30 31 02 02 02 02 02 02 02 02 02 02 02 02 02 02 02 22 17 15 15 15 15 15 15 15 15 74 69 67 67 67 67 67 67 67 67 67 67 67 67 67 67 67 67 67 67 67 67 67 57 54 00 00 00 00 00 00 00 00 00 00 00 00 00 00 00 00 00 00 00 00 00 00 00 00 00
00 00 00 00 00 00 00 00 00 00 00 00 00 00 00 00 00 00 00 00 00 00 00 00 00 24 01 26 27 27 27 27 27 19 27 28 02 35 02 61 63 02 01 01 01 01 01 01 01 02 02 71 72 72 73 02 02 02 02 02 02 02 02 37 02 02 02 01 02 14 16 02 35 36 37 01 02 02 02 02 02 02 02 02 02 02 02 02 02 02 02 22 17 15 15 15 15 15 15 15 15 74 69 67 67 67 67 67 67 67 67 67 67 67 67 67 67 67 67 67 67 67 67 67 67 00 00 00 00 00 00 00 00 00 00 00 00 00 00 00 00 00 00 00 00 00 00 00 00 00
00 00 00 00 00 00 00 00 00 00 00 00 00 00 00 00 00 00 00 00 00 00 00 00 00 01 02 02 02 02 02 02 02 11 02 02 02 35 02 61 63 02 02 01 01 02 01 02 01 01 02 02 02 02 02 02 02 02 02 02 02 02 02 37 02 01 01 01 02 14 16 02 43 44 45 02 02 02 02 02 02 02 02 02 02 02 02 02 02 02 02 02 22 17 15 15 15 15 15 15 15 15 74 69 67 67 67 67 67 67 67 67 67 67 67 67 67 67 67 67 67 67 67 67 67 00 00 00 00 00 00 00 00 00 00 00 00 00 00 00 00 00 00 00 00 00 00 00 00 00
00 00 00 00 00 00 00 00 00 00 00 00 00 00 00 00 00 00 00 00 00 00 00 00 00 02 01 02 01 01 02 02 02 11 01 01 01 35 02 61 63 02 01 01 02 02 01 01 01 01 01 01 01 01 01 02 02 02 02 02 02 02 02 37 02 02 02 02 02 14 16 02 02 02 02 02 02 01 01 01 02 02 02 02 02 02 02 02 02 02 02 02 02 22 17 15 15 15 15 15 15 15 15 66 67 67 67 67 67 67 67 67 67 67 67 67 67 67 67 67 67 67 67 67 67 00 00 00 00 00 00 00 00 00 00 00 00 00 00 00 00 00 00 00 00 00 00 00 00 00
00 00 00 00 00 00 00 00 00 00 00 00 00 00 00 00 00 00 00 00 00 00 00 00 00 02 01 01 01 01 01 01 02 11 02 01 01 35 02 61 63 02 01 01 02 03 02 01 01 01 01 01 01 01 01 02 02 39 44 44 44 44 44 45 02 02 02 02 02 14 16 02 02 02 02 02 02 02 02 01 01 02 02 02 02 02 02 02 02 02 02 02 02 02 22 17 15 15 15 15 15 15 15 74 69 67 67 67 67 67 67 67 67 67 67 67 67 67 67 67 67 67 67 67 67 00 00 00 00 00 00 00 00 00 00 00 00 00 00 00 00 00 00 00 00 00 00 00 00 00
00 00 00 00 00 00 00 00 00 00 00 00 00 00 00 00 00 00 00 00 00 00 00 00 00 01 01 02 02 01 01 01 02 11 02 01 01 35 02 61 63 02 01 02 02 11 02 02 01 01 01 01 01 01 01 02 02 37 02 02 02 02 02 02 02 02 02 02 02 14 16 02 02 02 02 01 01 02 02 02 02 01 02 02 02 02 02 02 02 02 02 02 02 02 02 22 23 23 17 15 15 15 15 15 66 67 67 67 67 67 67 67 67 67 67 67 67 67 67 67 67 67 67 67 67 00 00 00 00 00 00 00 00 00 00 00 00 00 00 00 00 00 00 00 00 00 00 00 00 00
00 00 00 00 00 00 00 00 00 00 00 00 00 00 00 00 00 00 00 00 00 00 00 00 00 01 02 01 01 01 01 02 02 11 02 01 02 02 02 61 63 02 01 02 02 11 02 02 02 02 02 02 02 02 02 02 02 37 02 02 02 02 02 02 02 02 02 02 02 14 16 02 02 02 02 02 02 02 02 02 01 02 02 02 02 02 02 02 02 02 02 02 02 02 02 02 02 02 14 15 15 15 15 15 66 67 67 67 67 67 67 67 67 67 67 67 67 67 67 67 67 67 67 67 67 00 00 00 00 00 00 00 00 00 00 00 00 00 00 00 00 00 00 00 00 00 00 00 00 00
00 00 00 00 00 00 00 00 00 00 00 00 00 00 00 00 00 00 00 00 00 00 00 00 00 01 01 01 01 01 01 02 02 02 02 01 01 01 02 61 63 02 02 02 05 04 07 02 02 02 02 44 44 44 44 44 44 45 02 02 02 02 02 02 02 02 02 02 02 14 16 02 02 02 01 02 02 02 01 01 01 02 02 02 02 02 02 02 02 02 02 02 02 02 02 02 02 02 14 15 15 15 15 15 66 67 67 67 67 67 67 67 67 67 67 67 67 67 67 67 67 67 67 67 67 00 00 00 00 00 00 00 00 00 00 00 00 00 00 00 00 00 00 00 00 00 00 00 00 00
00 00 00 00 00 00 00 00 00 00 00 00 00 00 00 00 00 00 00 00 00 00 00 00 00 02 02 02 02 02 02 02 02 02 02 27 27 27 27 89 90 27 27 27 12 15 09 06 06 06 06 06 06 06 06 06 06 06 06 06 06 06 06 06 06 06 06 06 06 04 16 02 02 02 01 02 02 02 02 02 02 02 02 02 02 02 02 02 02 02 02 02 02 02 02 02 02 02 14 15 15 15 15 15 66 67 67 67 67 67 67 67 67 67 67 67 67 67 67 67 67 67 67 67 67 00 00 00 00 00 00 00 00 00 00 00 00 00 00 00 00 00 00 00 00 00 00 00 00 00
00 00 00 00 00 00 00 00 00 00 00 00 00 00 00 00 00 00 00 00 00 00 00 00 00 49 49 49 49 49 49 50 02 02 02 02 02 02 02 61 63 10 10 10 22 23 23 23 23 23 23 23 23 23 23 17 18 23 23 23 23 23 23 23 23 23 23 23 23 23 16 02 02 02 02 02 02 02 01 02 02 02 02 02 02 02 02 02 02 02 02 02 02 02 02 02 02 05 08 15 15 15 15 15 66 67 67 67 67 67 67 67 67 67 67 67 67 67 67 67 67 67 67 67 67 00 00 00 00 00 00 00 00 00 00 00 00 00 00 00 00 00 00 00 00 00 00 00 00 00
00 00 00 00 00 00 00 00 00 00 00 00 00 00 00 00 00 00 00 00 00 00 00 00 00 62 62 62 62 62 62 52 49 49 49 49 49 49 49 51 63 10 10 29 44 44 44 44 44 44 44 44 44 44 02 14 16 30 30 30 31 02 02 02 02 02 02 02 02 02 11 02 02 02 01 02 02 02 01 02 01 02 02 02 02 02 02 02 02 02 02 02 02 02 05 06 06 08 15 15 15 15 15 15 66 67 67 67 67 67 67 67 67 67 67 67 67 67 67 67 67 67 67 67 67 00 00 00 00 00 00 00 00 00 00 00 00 00 00 00 00 00 00 00 00 00 00 00 00 00
00 00 00 00 00 00 00 00 00 00 00 00 00 00 00 00 00 00 00 00 00 00 00 00 00 62 62 62 62 62 62 65 72 72 72 72 72 72 72 72 73 10 10 35 02 02 01 01 01 01 02 02 02 02 02 14 16 02 02 02 37 02 02 02 02 02 02 02 02 02 11 02 02 02 01 02 02 02 01 01 02 02 02 02 02 02 02 02 02 02 02 02 05 06 08 15 15 15 15 15 15 15 15 15 66 67 67 67 67 67 67 67 67 67 67 67 67 67 67 67 67 67 67 67 67 00 00 00 00 00 00 00 00 00 00 00 00 00 00 00 00 00 00 00 00 00 00 00 00 00
00 00 00 00 00 00 00 00 00 00 00 00 00 00 00 00 00 00 00 00 00 00 00 00 00 62 62 62 62 65 72 73 10 10 10 10 10 10 10 10 10 10 10 35 02 02 01 02 02 01 02 02 02 02 02 14 16 02 02 02 37 02 02 02 02 02 02 02 02 02 11 02 02 02 02 02 02 01 01 01 02 02 02 02 02 02 02 02 02 02 02 05 08 15 15 15 15 15 15 15 15 15 15 53 67 67 67 67 67 67 67 67 67 67 67 67 67 67 67 67 67 67 67 67 67 00 00 00 00 00 00 00 00 00 00 00 00 00 00 00 00 00 00 00 00 00 00 00 00 00
00 00 00 00 00 00 00 00 00 00 00 00 00 00 00 00 00 00 00 00 00 00 00 00 00 62 62 62 65 73 10 10 10 10 10 10 10 10 10 10 10 10 10 35 02 01 02 01 02 01 02 02 02 02 02 14 16 02 02 02 37 02 02 02 02 02 02 02 02 02 11 02 02 02 02 01 02 01 01 02 02 02 02 02 02 02 02 05 06 06 06 08 15 15 15 15 15 15 15 15 15 15 53 56 67 67 67 67 67 67 67 67 67 67 67 67 67 67 67 67 67 67 67 67 67 00 00 00 00 00 00 00 00 00 00 00 00 00 00 00 00 00 00 00 00 00 00 00 00 00
00 00 00 00 00 00 00 00 00 00 00 00 00 00 00 00 00 00 00 00 00 00 00 00 00 72 72 72 73 10 10 10 10 10 10 10 10 10 10 10 10 10 10 35 02 01 01 01 02 02 02 02 02 02 02 14 16 02 02 02 37 02 02 02 02 02 01 01 02 02 11 02 02 01 02 01 01 01 02 02 02 02 02 02 05 06 06 08 15 15 15 15 15 15 15 15 15 15 15 15 53 54 56 67 67 67 67 67 67 67 67 67 67 67 67 67 67 67 67 67 67 67 67 67 67 00 00 00 00 00 00 00 00 00 00 00 00 00 00 00 00 00 00 00 00 00 00 00 00 00
00 00 00 00 00 00 00 00 00 00 00 00 00 00 00 00 00 00 00 00 00 00 00 00 00 10 10 10 10 10 39 44 44 44 44 44 44 44 44 44 44 44 44 46 02 01 01 02 02 26 27 27 27 27 27 23 24 02 02 02 37 02 02 02 02 02 01 02 02 02 11 02 02 01 01 01 02 02 02 02 02 02 05 06 08 15 15 15 15 15 15 15 15 15 15 15 15 53 54 54 56 67 67 67 67 67 67 67 67 67 67 67 67 67 67 67 67 67 67 67 67 67 67 67 67 00 00 00 00 00 00 00 00 00 00 00 00 00 00 00 00 00 00 00 00 00 00 00 00 00
00 00 00 00 00 00 00 00 00 00 00 00 00 00 00 00 00 00 00 00 00 00 00 00 00 10 10 10 10 10 37 02 02 02 02 02 02 02 02 02 02 02 02 35 02 01 01 02 02 02 02 02 02 02 02 02 02 02 02 02 37 02 02 02 02 02 02 01 02 02 11 02 02 02 02 02 02 02 02 02 05 06 08 15 15 15 15 15 15 15 15 15 15 53 54 54 54 56 67 67 67 67 67 67 67 67 67 67 67 67 67 67 67 67 67 67 67 67 67 67 67 67 67 67 67 00 00 00 00 00 00 00 00 00 00 00 00 00 00 00 00 00 00 00 00 00 00 00 00 00
00 00 00 00 00 00 00 00 00 00 00 00 00 00 00 00 00 00 00 00 00 00 00 00 00 10 10 10 10 10 37 02 02 02 02 02 02 02 02 02 02 02 02 35 02 02 01 01 02 02 02 02 02 02 02 02 02 02 02 02 37 02 02 01 02 02 02 01 02 02 11 02 02 02 02 02 02 02 02 05 08 15 15 15 15 15 15 53 54 54 54 54 54 56 67 67 67 67 67 67 67 67 67 67 67 67 67 67 67 67 67 67 67 67 67 67 67 67 67 67 67 67 67 67 67 00 00 00 00 00 00 00 00 00 00 00 00 00 00 00 00 00 00 00 00 00 00 00 00 00
00 00 00 00 00 00 00 00 00 00 00 00 00 00 00 00 00 00 00 00 00 00 00 00 00 44 44 44 44 44 45 02 02 02 02 02 02 02 02 02 02 02 02 35 02 02 02 02 02 33 34 02 02 02 02 02 02 02 02 02 37 02 02 02 02 02 01 02 02 02 11 02 02 02 02 02 02 02 06 08 15 15 15 15 15 53 54 56 67 67 67 67 67 67 67 67 67 67 67 67 67 67 67 67 67 67 67 67 67 67 67 67 67 67 67 67 67 67 67 67 67 67 67 67 67 00 00 00 00 00 00 00 00 00 00 00 00 00 00 00 00 00 00 00 00 00 00 00 00 00
00 00 00 00 00 00 00 00 00 00 00 00 00 00 00 00 00 00 00 00 00 00 00 00 00 02 02 02 02 02 02 02 02 02 02 02 02 02 02 02 02 02 02 43 44 44 38 02 02 41 42 02 02 39 44 44 44 44 44 44 45 02 02 02 01 01 01 02 02 02 11 05 06 06 06 06 06 06 08 15 15 15 15 15 53 56 67 67 67 67 67 67 67 67 67 67 67 67 67 67 67 67 67 67 67 67 67 67 67 67 67 67 67 67 67 67 67 67 67 67 67 67 67 67 67 00 00 00 00 00 00 00 00 00 00 00 00 00 00 00 00 00 00 00 00 00 00 00 00 00
00 00 00 00 00 00 00 00 00 00 00 00 00 00 00 00 00 00 00 00 00 00 00 00 00 30 30 30 30 30 30 30 30 30 30 30 30 30 31 02 02 02 02 02 02 02 35 02 02 02 02 02 02 37 02 02 02 02 02 02 02 02 01 01 01 02 02 02 02 02 14 08 15 15 15 15 15 15 15 15 15 15 15 53 56 67 67 67 67 67 67 67 67 67 67 67 67 67 67 67 67 67 67 67 67 67 67 67 67 67 67 67 67 67 67 67 67 67 67 67 67 67 67 67 67 00 00 00 00 00 00 00 00 00 00 00 00 00 00 00 00 00 00 00 00 00 00 00 00 00
00 00 00 00 00 00 00 00 00 00 00 00 00 00 00 00 00 00 00 00 00 00 00 00 00 02 02 02 02 02 02 02 02 02 02 02 02 02 37 02 02 02 02 02 02 02 35 02 02 02 02 02 02 37 02 02 01 01 01 02 02 02 01 02 02 02 02 02 02 05 08 15 15 15 15 15 15 15 15 15 15 15 53 56 67 67 67 67 67 67 67 67 67 67 67 67 67 67 67 67 67 67 67 67 67 67 67 67 67 67 67 67 67 67 67 67 67 67 67 67 67 67 67 67 67 00 00 00 00 00 00 00 00 00 00 00 00 00 00 00 00 00 00 00 00 00 00 00 00 00
00 00 00 00 00 00 00 00 00 00 00 00 00 00 00 00 00 00 00 00 00 00 00 00 00 02 02 02 02 02 02 02 02 02 01 01 02 02 37 02 02 02 02 02 02 02 43 44 44 44 44 44 44 45 02 01 01 02 02 01 01 01 02 01 02 02 02 02 05 08 15 15 15 15 15 15 15 15 53 54 54 54 56 67 67 67 67 67 67 67 67 67 67 67 67 67 67 67 67 67 67 67 67 67 67 67 67 67 67 67 67 67 67 67 67 67 67 67 67 67 67 67 67 67 67 00 00 00 00 00 00 00 00 00 00 00 00 00 00 00 00 00 00 00 00 00 00 00 00 00
00 00 00 00 00 00 00 00 00 00 00 00 00 00 00 00 00 00 00 00 00 00 00 00 00 02 02 02 02 02 02 02 02 01 01 02 02 02 37 02 02 02 02 02 02 02 02 02 02 02 02 02 02 02 02 01 01 02 01 01 02 01 01 02 02 02 02 05 08 15 15 15 15 15 15 15 15 53 56 67 67 67 67 67 67 67 67 67 67 67 67 67 67 67 67 67 67 67 67 67 67 67 67 67 67 67 67 67 67 67 67 67 67 67 67 67 67 67 67 67 67 67 67 67 67 00 00 00 00 00 00 00 00 00 00 00 00 00 00 00 00 00 00 00 00 00 00 00 00 00
00 00 00 00 00 00 00 00 00 00 00 00 00 00 00 00 00 00 00 00 00 00 00 00 00 02 02 02 02 02 02 02 02 02 02 01 02 02 37 02 02 02 02 02 02 02 02 02 02 02 01 02 02 02 02 01 01 02 02 02 01 01 01 01 02 02 05 08 15 15 15 15 15 53 54 54 54 56 67 67 67 67 67 67 67 67 67 67 67 67 67 67 67 67 67 67 67 67 67 67 67 67 67 67 67 67 67 67 67 67 67 67 67 67 67 67 67 67 67 67 67 67 67 67 67 00 00 00 00 00 00 00 00 00 00 00 00 00 00 00 00 00 00 00 00 00 00 00 00 00
00 00 00 00 00 00 00 00 00 00 00 00 00 00 00 00 00 00 00 00 00 00 00 00 00 02 02 02 02 02 01 02 02 02 02 02 02 02 37 02 02 02 02 02 02 02 02 02 01 01 01 02 02 02 02 02 02 02 01 02 02 02 01 02 02 05 08 15 15 15 15 53 54 56 67 67 67 67 67 67 67 67 67 67 67 67 67 67 67 67 67 67 67 67 67 67 67 67 67 67 67 67 67 67 67 67 67 67 67 67 67 67 67 67 67 67 67 67 67 67 67 67 67 67 67 00 00 00 00 00 00 00 00 00 00 00 00 00 00 00 00 00 00 00 00 00 00 00 00 00
00 00 00 00 00 00 00 00 00 00 00 00 00 00 00 00 00 00 00 00 00 00 00 00 00 02 02 02 01 01 02 02 02 02 02 02 02 02 37 02 02 02 02 02 02 02 02 01 01 02 02 01 02 02 01 02 02 02 02 02 02 02 02 02 05 08 15 15 15 15 15 66 67 67 67 67 67 67 67 67 67 67 67 67 67 67 67 67 67 67 67 67 67 67 67 67 67 67 67 67 67 67 67 67 67 67 67 67 67 67 67 67 67 67 67 67 67 67 67 67 67 67 67 67 67 00 00 00 00 00 00 00 00 00 00 00 00 00 00 00 00 00 00 00 00 00 00 00 00 00
00 00 00 00 00 00 00 00 00 00 00 00 00 00 00 00 00 00 00 00 00 00 00 00 00 02 02 02 01 02 02 02 02 02 02 02 02 02 37 02 02 02 02 02 02 02 01 01 02 02 02 02 02 02 02 02 02 02 02 02 02 02 02 05 08 15 15 15 15 15 53 56 67 67 67 67 67 67 67 67 67 67 67 67 67 67 67 67 67 67 67 67 67 67 67 67 67 67 67 67 67 67 67 67 67 67 67 67 67 67 67 67 67 67 67 67 67 67 67 67 67 67 67 67 67 00 00 00 00 00 00 00 00 00 00 00 00 00 00 00 00 00 00 00 00 00 00 00 00 00
00 00 00 00 00 00 00 00 00 00 00 00 00 00 00 00 00 00 00 00 00 00 00 00 00 02 02 02 02 02 02 01 02 02 05 06 06 06 06 06 06 06 06 06 06 06 06 06 06 06 06 06 06 06 06 06 06 06 06 06 06 06 06 08 15 15 15 15 15 53 56 67 67 67 67 67 67 67 67 67 67 67 67 67 67 67 67 67 67 67 67 67 67 67 67 67 67 67 67 67 67 67 67 67 67 67 67 67 67 67 67 67 67 67 67 67 67 67 67 67 67 67 67 67 67 00 00 00 00 00 00 00 00 00 00 00 00 00 00 00 00 00 00 00 00 00 00 00 00 00
00 00 00 00 00 00 00 00 00 00 00 00 00 00 00 00 00 00 00 00 00 00 00 00 00 02 02 01 02 01 02 02 02 02 22 23 23 23 23 23 23 23 23 23 23 23 23 23 23 23 23 23 23 23 23 23 23 23 23 23 23 23 17 15 15 15 15 15 53 56 67 67 67 67 67 67 67 67 67 67 67 67 67 67 67 67 67 67 67 67 67 67 67 67 67 67 67 67 67 67 67 67 67 67 67 67 67 67 67 67 67 67 67 67 67 67 67 67 67 67 67 67 67 67 67 00 00 00 00 00 00 00 00 00 00 00 00 00 00 00 00 00 00 00 00 00 00 00 00 00
00 00 00 00 00 00 00 00 00 00 00 00 00 00 00 00 00 00 00 00 00 00 00 00 00 02 02 02 02 02 02 02 02 01 01 02 02 02 02 02 37 02 02 02 02 02 02 02 02 01 02 02 02 02 02 02 02 02 02 02 02 05 08 15 15 15 15 53 56 67 67 67 67 67 67 67 67 67 67 67 67 67 67 67 67 67 67 67 67 67 67 67 67 67 67 67 67 67 67 67 67 67 67 67 67 67 67 67 67 67 67 67 67 67 67 67 67 67 67 67 67 67 67 67 67 00 00 00 00 00 00 00 00 00 00 00 00 00 00 00 00 00 00 00 00 00 00 00 00 00
00 00 00 00 00 00 00 00 00 00 00 00 00 00 00 00 00 00 00 00 00 00 00 00 00 02 02 01 01 02 01 01 01 01 02 02 01 01 02 02 37 02 02 02 02 02 02 01 01 01 01 01 02 01 02 02 02 01 01 02 02 14 15 15 15 15 53 56 67 67 67 67 67 67 67 67 67 67 67 67 67 67 67 67 67 67 67 67 67 67 67 67 67 67 67 67 67 67 67 67 67 67 67 67 67 67 67 67 67 67 67 67 67 67 67 67 67 67 67 67 67 67 67 67 67 00 00 00 00 00 00 00 00 00 00 00 00 00 00 00 00 00 00 00 00 00 00 00 00 00
00 00 00 00 00 00 00 00 00 00 00 00 00 00 00 00 00 00 00 00 00 00 00 00 00 02 01 01 01 01 01 01 01 02 02 01 02 02 01 02 37 02 02 02 02 02 02 01 01 02 01 01 01 01 02 02 01 02 01 02 02 14 15 15 15 15 56 67 67 67 67 67 67 67 67 67 67 67 67 67 67 67 67 67 67 67 67 67 67 67 67 67 67 67 67 67 67 67 67 67 67 67 67 67 67 67 67 67 67 67 67 67 67 67 67 67 67 67 67 67 67 67 67 67 67 00 00 00 00 00 00 00 00 00 00 00 00 00 00 00 00 00 00 00 00 00 00 00 00 00
00 00 00 00 00 00 00 00 00 00 00 00 00 00 00 00 00 00 00 00 00 00 00 00 00 00 00 00 00 00 00 00 00 00 00 00 00 00 00 00 00 00 00 00 00 00 00 00 00 00 00 00 00 00 00 00 00 00 00 00 00 00 00 00 00 00 00 00 00 00 00 00 00 00 00 00 00 00 00 00 00 00 00 00 00 00 00 00 00 00 00 00 00 00 00 00 00 00 00 00 00 00 00 00 00 00 00 00 00 00 00 00 00 00 00 00 00 00 00 00 00 00 00 00 00 00 00 00 00 00 00 00 00 00 00 00 00 00 00 00 00 00 00 00 00 00 00 00 00 00 00 00 00 00 00 00
00 00 00 00 00 00 00 00 00 00 00 00 00 00 00 00 00 00 00 00 00 00 00 00 00 00 00 00 00 00 00 00 00 00 00 00 00 00 00 00 00 00 00 00 00 00 00 00 00 00 00 00 00 00 00 00 00 00 00 00 00 00 00 00 00 00 00 00 00 00 00 00 00 00 00 00 00 00 00 00 00 00 00 00 00 00 00 00 00 00 00 00 00 00 00 00 00 00 00 00 00 00 00 00 00 00 00 00 00 00 00 00 00 00 00 00 00 00 00 00 00 00 00 00 00 00 00 00 00 00 00 00 00 00 00 00 00 00 00 00 00 00 00 00 00 00 00 00 00 00 00 00 00 00 00 00
00 00 00 00 00 00 00 00 00 00 00 00 00 00 00 00 00 00 00 00 00 00 00 00 00 00 00 00 00 00 00 00 00 00 00 00 00 00 00 00 00 00 00 00 00 00 00 00 00 00 00 00 00 00 00 00 00 00 00 00 00 00 00 00 00 00 00 00 00 00 00 00 00 00 00 00 00 00 00 00 00 00 00 00 00 00 00 00 00 00 00 00 00 00 00 00 00 00 00 00 00 00 00 00 00 00 00 00 00 00 00 00 00 00 00 00 00 00 00 00 00 00 00 00 00 00 00 00 00 00 00 00 00 00 00 00 00 00 00 00 00 00 00 00 00 00 00 00 00 00 00 00 00 00 00 00
00 00 00 00 00 00 00 00 00 00 00 00 00 00 00 00 00 00 00 00 00 00 00 00 00 00 00 00 00 00 00 00 00 00 00 00 00 00 00 00 00 00 00 00 00 00 00 00 00 00 00 00 00 00 00 00 00 00 00 00 00 00 00 00 00 00 00 00 00 00 00 00 00 00 00 00 00 00 00 00 00 00 00 00 00 00 00 00 00 00 00 00 00 00 00 00 00 00 00 00 00 00 00 00 00 00 00 00 00 00 00 00 00 00 00 00 00 00 00 00 00 00 00 00 00 00 00 00 00 00 00 00 00 00 00 00 00 00 00 00 00 00 00 00 00 00 00 00 00 00 00 00 00 00 00 00
00 00 00 00 00 00 00 00 00 00 00 00 00 00 00 00 00 00 00 00 00 00 00 00 00 00 00 00 00 00 00 00 00 00 00 00 00 00 00 00 00 00 00 00 00 00 00 00 00 00 00 00 00 00 00 00 00 00 00 00 00 00 00 00 00 00 00 00 00 00 00 00 00 00 00 00 00 00 00 00 00 00 00 00 00 00 00 00 00 00 00 00 00 00 00 00 00 00 00 00 00 00 00 00 00 00 00 00 00 00 00 00 00 00 00 00 00 00 00 00 00 00 00 00 00 00 00 00 00 00 00 00 00 00 00 00 00 00 00 00 00 00 00 00 00 00 00 00 00 00 00 00 00 00 00 00
00 00 00 00 00 00 00 00 00 00 00 00 00 00 00 00 00 00 00 00 00 00 00 00 00 00 00 00 00 00 00 00 00 00 00 00 00 00 00 00 00 00 00 00 00 00 00 00 00 00 00 00 00 00 00 00 00 00 00 00 00 00 00 00 00 00 00 00 00 00 00 00 00 00 00 00 00 00 00 00 00 00 00 00 00 00 00 00 00 00 00 00 00 00 00 00 00 00 00 00 00 00 00 00 00 00 00 00 00 00 00 00 00 00 00 00 00 00 00 00 00 00 00 00 00 00 00 00 00 00 00 00 00 00 00 00 00 00 00 00 00 00 00 00 00 00 00 00 00 00 00 00 00 00 00 00
00 00 00 00 00 00 00 00 00 00 00 00 00 00 00 00 00 00 00 00 00 00 00 00 00 00 00 00 00 00 00 00 00 00 00 00 00 00 00 00 00 00 00 00 00 00 00 00 00 00 00 00 00 00 00 00 00 00 00 00 00 00 00 00 00 00 00 00 00 00 00 00 00 00 00 00 00 00 00 00 00 00 00 00 00 00 00 00 00 00 00 00 00 00 00 00 00 00 00 00 00 00 00 00 00 00 00 00 00 00 00 00 00 00 00 00 00 00 00 00 00 00 00 00 00 00 00 00 00 00 00 00 00 00 00 00 00 00 00 00 00 00 00 00 00 00 00 00 00 00 00 00 00 00 00 00
00 00 00 00 00 00 00 00 00 00 00 00 00 00 00 00 00 00 00 00 00 00 00 00 00 00 00 00 00 00 00 00 00 00 00 00 00 00 00 00 00 00 00 00 00 00 00 00 00 00 00 00 00 00 00 00 00 00 00 00 00 00 00 00 00 00 00 00 00 00 00 00 00 00 00 00 00 00 00 00 00 00 00 00 00 00 00 00 00 00 00 00 00 00 00 00 00 00 00 00 00 00 00 00 00 00 00 00 00 00 00 00 00 00 00 00 00 00 00 00 00 00 00 00 00 00 00 00 00 00 00 00 00 00 00 00 00 00 00 00 00 00 00 00 00 00 00 00 00 00 00 00 00 00 00 00
00 00 00 00 00 00 00 00 00 00 00 00 00 00 00 00 00 00 00 00 00 00 00 00 00 00 00 00 00 00 00 00 00 00 00 00 00 00 00 00 00 00 00 00 00 00 00 00 00 00 00 00 00 00 00 00 00 00 00 00 00 00 00 00 00 00 00 00 00 00 00 00 00 00 00 00 00 00 00 00 00 00 00 00 00 00 00 00 00 00 00 00 00 00 00 00 00 00 00 00 00 00 00 00 00 00 00 00 00 00 00 00 00 00 00 00 00 00 00 00 00 00 00 00 00 00 00 00 00 00 00 00 00 00 00 00 00 00 00 00 00 00 00 00 00 00 00 00 00 00 00 00 00 00 00 00
00 00 00 00 00 00 00 00 00 00 00 00 00 00 00 00 00 00 00 00 00 00 00 00 00 00 00 00 00 00 00 00 00 00 00 00 00 00 00 00 00 00 00 00 00 00 00 00 00 00 00 00 00 00 00 00 00 00 00 00 00 00 00 00 00 00 00 00 00 00 00 00 00 00 00 00 00 00 00 00 00 00 00 00 00 00 00 00 00 00 00 00 00 00 00 00 00 00 00 00 00 00 00 00 00 00 00 00 00 00 00 00 00 00 00 00 00 00 00 00 00 00 00 00 00 00 00 00 00 00 00 00 00 00 00 00 00 00 00 00 00 00 00 00 00 00 00 00 00 00 00 00 00 00 00 00