1 1 41 53
1 1 42 57
1 1 42 62
1 1 43 44
1 1 43 53
1 1 44 70
1 1 45 67
1 1 46 38
1 1 46 56
1 1 46 59
1 1 46 74
1 1 46 75
1 1 47 58
1 1 48 74
1 1 49 76
1 1 49 79
1 1 52 31
1 1 54 26
1 1 54 91
1 1 55 60
1 1 56 25
1 1 56 57
1 1 57 54
1 1 58 49
1 1 58 94
1 1 59 68
1 1 59 107
1 1 61 111
1 1 62 41
1 1 63 40
1 1 63 73
1 1 65 116
1 1 66 37
1 1 66 82
1 1 66 111
1 1 67 34
1 1 68 30
1 1 68 81
1 1 70 29
1 1 71 85
1 1 72 28
1 1 74 88
1 1 77 92
1 1 81 101
1 1 86 102
1 1 91 89
1 1 93 87
1 1 97 72
1 1 98 74
1 1 99 76
1 1 100 73
1 1 102 66
1 1 106 63
1 2 31 55
1 2 33 51
1 2 36 38
1 2 37 69
1 2 38 34
1 2 39 73
1 2 45 92
1 2 48 93
1 2 54 113
1 2 56 117
1 2 57 122
1 2 57 124
1 2 58 117
1 2 62 122
1 2 73 65
1 2 74 67
1 2 78 65
1 2 81 77
1 2 83 81
1 2 85 77
1 2 86 76
1 3 70 46
1 3 85 42
1 3 104 59
1 4 22 81
1 4 22 117
1 4 29 113
1 4 33 89
1 4 37 111
1 4 39 85
1 4 46 108
1 5 12 50
1 5 30 33
1 5 41 30
1 6 47 53
1 6 53 53
1 7 39 122
1 7 98 60
1 7 100 59
1 8 13 67
1 8 33 66
1 9 84 26
1 9 94 36
1 10 93 51