0 1 46 80
0 1 47 69
0 1 50 63
0 1 55 62
0 2 96 31
0 2 100 36
0 2 104 39
0 2 105 28
0 3 31 29
0 4 14 56
0 5 25 58
0 6 97 63
0 7 75 63
0 8 81 112
0 9 62 88
0 10 65 77
1 1 42 52
1 1 46 69
1 1 47 37
1 1 51 78
1 1 55 28
1 1 55 89
1 1 56 57
1 1 63 71
1 1 65 109
1 1 72 86
1 1 73 29
1 1 82 100
1 2 30 60
1 2 58 118
1 2 70 72
1 2 84 89
1 2 85 79
1 3 14 58
1 3 98 63
1 4 38 33
1 4 65 52
1 4 94 36
1 5 37 73
1 5 46 93
1 5 46 117
1 6 14 48
1 6 16 94
1 7 75 66
1 7 93 27
1 8 51 105
1 8 86 71
1 9 28 28
1 9 34 52
1 10 25 117
1 10 83 45