1 703 12 33
1 703 12 34
1 703 12 35
1 703 13 32
1 703 13 33
1 703 14 31
1 703 17 30
1 703 28 43
1 703 29 41
1 703 29 102
1 703 29 103
1 703 31 93
1 703 31 94
1 703 32 94
1 703 32 99
1 703 32 100
1 703 34 103
1 703 72 50
1 703 73 54
1 703 87 28
1 703 88 26
1 703 89 27
1 704 15 36
1 704 15 38
1 704 15 39
1 704 16 34
1 704 16 35
1 704 16 36
1 704 16 39
1 704 17 101
1 704 18 37
1 704 18 38
1 704 18 101
1 704 19 35
1 704 19 36
1 704 19 37
1 704 19 101
1 704 20 101
1 704 21 101
1 704 29 96
1 704 29 97
1 704 33 103
1 704 33 104
1 704 33 105
1 704 72 51
1 704 72 52
1 704 73 51
1 704 73 52
1 704 74 51
1 704 75 55
1 705 14 90
1 705 14 91
1 705 17 90
1 705 17 91
1 705 18 86
1 705 20 90
1 705 21 89
1 705 21 90
1 705 24 88
1 705 26 88
1 705 30 82
1 705 31 82
1 705 31 83
1 705 32 82
1 705 32 84
1 705 33 82
1 705 33 84
1 705 34 84
1 705 35 83
1 705 36 83
1 705 36 84
1 705 36 85
1 705 37 91
1 705 37 92
1 705 37 93
1 705 40 112
1 705 42 112
1 705 46 114
1 705 47 114
1 705 50 124
1 705 72 34
1 705 73 34
1 705 73 36
1 705 75 35
1 705 76 36
1 705 80 34
1 705 80 36
1 705 80 53
1 705 80 56
1 705 81 36
1 705 81 54
1 705 82 47
1 705 83 34
1 705 83 35
1 705 83 49
1 705 84 34
1 705 92 57
1 705 93 54
1 705 94 53
1 705 94 54
1 705 94 55
1 705 99 28
1 705 99 31
1 705 100 25
1 705 102 36
1 705 103 34
1 705 103 36
1 705 104 33
1 706 38 98
1 706 38 99
1 706 38 100
1 706 39 101
1 706 39 102
1 706 39 104
1 706 39 114
1 706 40 105
1 706 40 114
1 706 42 116
1 730 14 64
1 730 76 46
1 730 77 44
1 730 77 46
1 730 78 42
1 730 78 45
1 730 79 44
1 730 83 41
1 730 89 37
1 730 90 38
1 730 90 39
1 730 91 31
1 730 91 32
1 730 91 34
1 730 98 30
1 730 98 36
1 730 98 37
1 730 99 34
1 730 99 37
1 730 100 35
1 730 100 36
1 730 101 27
1 730 101 29
1 730 101 30
1 730 102 29
1 730 102 57
1 730 103 31
1 730 103 45
1 730 103 51
1 730 104 48
1 730 105 25
1 730 105 26
1 731 41 108
1 731 41 109
1 731 41 110
1 731 42 110
1 731 42 111
1 731 43 112
1 731 45 110
1 731 48 121
1 731 49 121
1 731 78 79
1 731 102 55
1 731 103 54
1 731 104 36
1 731 104 56
1 731 104 57
1 731 108 54
1 732 11 78
1 732 12 78
1 732 16 68
1 732 16 76
1 732 17 50
1 732 17 76
1 732 18 51
1 732 18 76
1 732 18 83
1 732 19 72
1 732 19 83
1 732 20 48
1 732 20 55
1 732 20 56
1 732 20 59
1 732 20 84
1 732 21 55
1 732 21 58
1 732 22 70
1 732 22 84
1 732 23 42
1 732 23 45
1 732 23 52
1 732 23 73
1 732 23 89
1 732 24 47
1 732 24 86
1 732 24 91
1 732 24 92
1 732 24 93
1 732 24 94
1 732 26 28
1 732 26 78
1 732 27 78
1 732 27 79
1 732 28 77
1 732 28 79
1 732 28 80
1 732 29 79
1 732 29 81
1 732 31 80
1 732 32 81
1 732 33 37
1 732 33 38
1 732 33 39
1 732 34 42
1 732 35 25
1 732 35 26
1 732 35 36
1 732 35 39
1 732 35 40
1 732 37 26
1 732 39 27
1 732 39 29
1 732 40 93
1 732 40 96
1 732 41 27
1 732 41 93
1 732 41 95
1 732 41 96
1 732 42 27
1 732 43 27
1 732 43 100
1 732 43 101
1 732 43 102
1 732 43 104
1 732 43 105
1 732 44 105
1 732 44 106
1 732 64 58
1 732 65 58
1 732 65 60
1 732 65 61
1 732 66 61
1 732 76 79
1 732 78 76
1 732 79 81
1 732 81 77
1 732 81 82
1 732 81 83
1 732 84 83
1 732 84 86
1 732 86 76
1 732 87 84
1 732 88 66
1 732 88 80
1 732 89 76
1 732 90 48
1 732 90 53
1 732 90 62
1 732 90 79
1 732 91 48
1 732 91 52
1 732 91 58
1 732 92 46
1 732 92 69
1 732 93 45
1 732 93 59
1 732 94 56
1 732 95 65
1 732 95 66
1 732 95 67
1 732 96 62
1 732 96 63
1 732 96 66
1 732 97 42
1 732 98 39
1 732 100 44
1 732 101 41
1 732 102 44
1 732 103 50
1 732 104 49
1 732 108 45
1 732 108 47
1 732 109 46
1 733 16 65
1 733 72 41
1 733 73 42
1 733 80 55
1 733 81 30
1 733 81 31
1 733 82 28
1 733 82 29
1 733 82 30
1 733 82 59
1 733 82 61
1 733 82 63
1 733 84 58
1 733 84 59
1 733 85 59
1 733 85 60
1 733 86 60
1 733 89 51
1 733 90 50
1 759 39 43
1 759 39 44
1 759 40 60
1 759 40 61
1 759 40 68
1 759 41 41
1 759 42 39
1 759 42 65
1 759 43 61
1 759 43 69
1 759 43 70
1 759 44 54
1 759 44 57
1 759 44 73
1 759 44 74
1 759 44 79
1 759 44 80
1 759 45 32
1 759 45 33
1 759 45 48
1 759 45 49
1 759 45 60
1 759 45 64
1 759 45 80
1 759 46 29
1 759 46 30
1 759 46 44
1 759 46 82
1 759 46 83
1 759 47 29
1 759 48 42
1 759 48 64
1 759 48 65
1 759 48 78
1 759 48 79
1 759 48 84
1 759 48 88
1 759 49 32
1 759 49 89
1 759 49 90
1 759 50 92
1 759 50 93
1 759 51 34
1 759 51 37
1 759 51 71
1 759 51 72
1 759 51 80
1 759 52 33
1 759 52 75
1 759 52 77
1 759 53 32
1 759 53 83
1 759 53 85
1 759 53 87
1 759 54 31
1 759 54 100
1 759 55 31
1 759 55 67
1 759 55 102
1 759 56 67
1 759 57 70
1 759 59 43
1 759 59 44
1 759 59 57
1 759 59 58
1 759 59 59
1 759 59 61
1 759 59 109
1 759 60 41
1 759 60 49
1 759 60 65
1 759 60 74
1 759 60 75
1 759 61 65
1 759 61 66
1 759 61 75
1 759 61 98
1 759 62 46
1 759 62 100
1 759 62 106
1 759 62 107
1 759 63 37
1 759 63 43
1 759 63 77
1 759 64 35
1 759 64 37
1 759 64 42
1 759 64 77
1 759 64 78
1 759 64 112
1 759 64 113
1 759 65 34
1 759 65 35
1 759 65 40
1 759 65 78
1 759 65 79
1 759 66 40
1 759 66 79
1 759 67 39
1 759 68 86
1 759 69 31
1 759 69 32
1 759 69 33
1 759 69 36
1 759 70 32
1 759 75 93
1 759 75 94
1 759 77 96
1 759 99 72
1 759 100 71
1 759 101 69
1 759 101 70
1 759 102 68
1 759 106 66
1 760 38 55
1 760 39 45
1 760 40 46
1 760 40 47
1 760 40 48
1 760 42 35
1 760 43 34
1 760 50 30
1 760 51 95
1 760 52 87
1 760 52 96
1 760 52 97
1 760 53 99
1 760 56 97
1 760 57 99
1 760 58 102
1 760 62 48
1 760 66 117
1 760 68 73
1 760 68 119
1 760 70 121
1 760 72 124
1 760 73 124
1 760 85 97
1 760 87 93
1 760 87 94
1 760 87 99
1 760 87 100
1 760 88 91
1 760 88 92
1 760 88 98
1 760 90 89
1 760 90 90
1 760 92 84
1 760 92 85
1 760 93 82
1 760 93 84
1 760 95 81
1 760 97 78
1 760 97 79
1 760 98 72
1 784 17 64
1 784 26 121
1 784 26 122
1 784 76 58
1 784 77 59
1 784 78 61
1 784 79 54
1 785 75 38
1 785 76 38
1 785 77 38
1 785 78 38
1 785 79 38
1 785 80 38
1 785 81 38
1 785 82 38
1 811 12 119
1 811 12 120
1 811 14 107
1 811 14 121
1 811 15 107
1 811 15 109
1 811 15 118
1 811 16 107
1 811 16 119
1 811 17 122
1 811 18 107
1 811 18 120
1 811 18 122
1 811 19 120
1 811 20 122
1 811 22 107
1 811 22 111
1 811 23 113
1 811 24 107
1 811 24 108
1 811 24 113
1 811 24 114
1 811 24 115
1 811 25 111
1 811 26 108
1 811 26 112
1 811 26 113
1 811 29 115
1 811 29 121
1 811 29 122
1 811 29 123
1 811 30 115
1 811 30 118
1 812 31 50
1 812 31 51
1 812 31 52
1 812 31 53
1 812 31 54
1 812 31 55
1 812 31 56
1 812 32 49
1 812 32 50
1 812 32 51
1 812 32 52
1 812 33 48
1 812 33 49
1 812 33 50
1 812 33 54
1 812 33 55
1 812 33 56
1 812 33 57
1 812 34 46
1 812 34 47
1 812 34 48
1 812 34 57
1 812 34 58
1 812 34 68
1 812 34 70
1 812 34 71
1 812 34 72
1 812 35 45
1 812 35 46
1 812 35 65
1 812 35 66
1 812 35 68
1 812 36 75
1 812 36 76
1 812 37 76
1 812 37 77
1 812 37 78
1 812 38 78
1 812 38 79
1 812 38 80
1 812 39 80
1 812 39 81
1 812 39 82
1 812 40 82
1 812 88 58
1 838 105 68
1 838 106 67
1 838 107 65
1 838 109 64
1 839 48 74
1 839 57 94
1 839 61 102
1 839 99 64
1 839 100 63
1 839 101 62
1 839 104 60