0 757 29 92
0 757 29 93
0 757 30 92
0 757 30 93
0 757 30 94
0 757 30 95
0 757 31 55
0 757 31 56
0 757 31 57
0 757 31 58
0 757 31 92
0 757 31 93
0 757 31 94
0 757 31 95
0 757 31 96
0 757 32 54
0 757 32 55
0 757 32 56
0 757 32 57
0 757 32 58
0 757 32 59
0 757 32 92
0 757 32 93
0 757 32 96
0 757 32 97
0 757 32 98
0 757 32 99
0 757 33 54
0 757 33 55
0 757 33 56
0 757 33 57
0 757 33 58
0 757 33 59
0 757 33 91
0 757 33 93
0 757 33 96
0 757 33 97
0 757 33 98
0 757 33 99
0 757 33 100
0 757 33 101
0 757 34 52
0 757 34 53
0 757 34 54
0 757 34 55
0 757 34 56
0 757 34 57
0 757 34 58
0 757 34 59
0 757 34 91
0 757 34 92
0 757 34 93
0 757 34 94
0 757 34 96
0 757 34 97
0 757 34 100
0 757 34 101
0 757 35 51
0 757 35 52
0 757 35 53
0 757 35 54
0 757 35 55
0 757 35 56
0 757 35 59
0 757 35 90
0 757 35 91
0 757 35 92
0 757 35 93
0 757 35 94
0 757 35 95
0 757 35 96
0 757 35 97
0 757 35 98
0 757 35 100
0 757 35 101
0 757 36 50
0 757 36 51
0 757 36 52
0 757 36 53
0 757 36 54
0 757 36 55
0 757 36 58
0 757 36 59
0 757 36 91
0 757 36 92
0 757 36 93
0 757 36 94
0 757 36 95
0 757 36 96
0 757 36 97
0 757 36 99
0 757 36 100
0 757 36 101
0 757 37 49
0 757 37 50
0 757 37 51
0 757 37 52
0 757 37 53
0 757 37 54
0 757 37 55
0 757 37 56
0 757 37 57
0 757 37 58
0 757 37 59
0 757 37 94
0 757 37 95
0 757 37 96
0 757 37 97
0 757 37 99
0 757 37 100
0 757 37 101
0 757 38 49
0 757 38 50
0 757 38 51
0 757 38 53
0 757 38 54
0 757 38 55
0 757 38 56
0 757 38 57
0 757 38 58
0 757 38 59
0 757 38 94
0 757 38 95
0 757 38 96
0 757 38 97
0 757 38 99
0 757 38 100
0 757 38 101
0 757 39 48
0 757 39 49
0 757 39 50
0 757 39 51
0 757 39 52
0 757 39 54
0 757 39 55
0 757 39 56
0 757 39 57
0 757 39 58
0 757 39 96
0 757 39 97
0 757 39 98
0 757 39 99
0 757 39 100
0 757 40 47
0 757 40 48
0 757 40 49
0 757 40 50
0 757 40 52
0 757 40 53
0 757 40 55
0 757 40 56
0 757 41 47
0 757 41 48
0 757 41 49
0 757 41 50
0 757 41 52
0 757 41 53
0 757 41 55
0 757 42 47
0 757 42 48
0 757 42 49
0 757 42 50
0 757 42 51
0 757 42 52
0 757 42 53
0 757 42 54
0 757 42 55
0 757 43 47
0 757 43 48
0 757 43 49
0 757 43 50
0 757 43 51
0 757 43 52
0 757 43 53
0 757 43 54
0 757 73 99
0 757 73 100
0 757 73 101
0 757 73 102
0 757 73 103
0 757 73 104
0 757 73 105
0 757 74 98
0 757 74 99
0 757 74 100
0 757 74 101
0 757 74 102
0 757 74 103
0 757 74 104
0 757 74 105
0 757 75 98
0 757 75 99
0 757 75 100
0 757 75 103
0 757 75 104
0 757 75 105
0 757 76 49
0 757 76 97
0 757 76 98
0 757 76 99
0 757 76 104
0 757 76 105
0 757 77 44
0 757 77 45
0 757 77 46
0 757 77 47
0 757 77 48
0 757 77 49
0 757 77 50
0 757 77 103
0 757 77 104
0 757 77 105
0 757 78 43
0 757 78 44
0 757 78 47
0 757 78 49
0 757 78 51
0 757 78 52
0 757 78 103
0 757 78 104
0 757 79 43
0 757 79 44
0 757 79 45
0 757 79 47
0 757 79 49
0 757 79 51
0 757 79 52
0 757 79 103
0 757 79 104
0 757 80 43
0 757 80 44
0 757 80 45
0 757 80 46
0 757 80 47
0 757 80 48
0 757 80 49
0 757 80 52
0 757 80 53
0 757 80 54
0 757 81 43
0 757 81 44
0 757 81 46
0 757 81 47
0 757 81 50
0 757 81 52
0 757 81 53
0 757 81 54
0 757 81 55
0 757 81 56
0 757 82 44
0 757 82 46
0 757 82 49
0 757 82 50
0 757 82 52
0 757 82 53
0 757 82 54
0 757 82 57
0 757 83 45
0 757 83 47
0 757 83 48
0 757 83 49
0 757 83 50
0 757 83 53
0 757 83 54
0 757 83 55
0 757 84 46
0 757 84 50
0 757 84 53
0 757 84 54
0 757 84 56
0 757 84 58
0 757 85 47
0 757 85 48
0 757 85 49
0 757 85 52
0 757 85 54
0 757 85 56
0 757 85 57
0 757 86 48
0 757 86 50
0 757 86 51
0 757 86 52
0 757 86 54
0 757 86 55
0 757 86 56
0 757 87 49
0 757 87 50
0 757 87 52
0 757 87 55
0 757 87 57
0 757 88 50
0 757 88 54
0 757 88 56
0 757 88 57
0 757 89 52
0 757 89 53
0 757 89 55
0 757 89 56
0 757 89 57
0 757 90 56
0 759 14 67
0 759 14 68
0 759 14 69
0 759 14 79
0 759 14 80
0 759 14 81
0 759 14 82
0 759 15 65
0 759 15 66
0 759 15 67
0 759 15 68
0 759 15 69
0 759 15 70
0 759 15 71
0 759 15 72
0 759 15 73
0 759 15 74
0 759 15 75
0 759 15 77
0 759 15 78
0 759 15 79
0 759 15 80
0 759 15 81
0 759 15 82
0 759 15 83
0 759 15 84
0 759 15 85
0 759 15 86
0 759 15 87
0 759 16 63
0 759 16 64
0 759 16 65
0 759 16 66
0 759 16 68
0 759 16 69
0 759 16 70
0 759 16 71
0 759 16 72
0 759 16 73
0 759 16 74
0 759 16 75
0 759 16 76
0 759 16 77
0 759 16 78
0 759 16 79
0 759 16 80
0 759 16 81
0 759 16 82
0 759 16 83
0 759 16 85
0 759 16 86
0 759 16 87
0 759 16 88
0 759 17 62
0 759 17 63
0 759 17 64
0 759 17 65
0 759 17 66
0 759 17 68
0 759 17 69
0 759 17 72
0 759 17 73
0 759 17 74
0 759 17 77
0 759 17 78
0 759 17 80
0 759 17 81
0 759 17 82
0 759 17 85
0 759 17 86
0 759 17 87
0 759 17 88
0 759 17 95
0 759 17 96
0 759 17 97
0 759 17 98
0 759 18 64
0 759 18 65
0 759 18 66
0 759 18 67
0 759 18 68
0 759 18 71
0 759 18 72
0 759 18 73
0 759 18 74
0 759 18 75
0 759 18 76
0 759 18 77
0 759 18 78
0 759 18 79
0 759 18 80
0 759 18 81
0 759 18 82
0 759 18 84
0 759 18 85
0 759 18 86
0 759 18 87
0 759 18 95
0 759 18 96
0 759 18 97
0 759 18 98
0 759 18 99
0 759 18 100
0 759 19 65
0 759 19 66
0 759 19 73
0 759 19 75
0 759 19 77
0 759 19 78
0 759 19 79
0 759 19 81
0 759 19 82
0 759 19 83
0 759 19 84
0 759 19 85
0 759 19 86
0 759 19 87
0 759 19 95
0 759 19 96
0 759 19 97
0 759 19 98
0 759 19 99
0 759 19 100
0 759 19 101
0 759 19 102
0 759 20 65
0 759 20 66
0 759 20 67
0 759 20 68
0 759 20 69
0 759 20 70
0 759 20 75
0 759 20 76
0 759 20 78
0 759 20 79
0 759 20 80
0 759 20 81
0 759 20 82
0 759 20 83
0 759 20 84
0 759 20 85
0 759 20 86
0 759 20 94
0 759 20 95
0 759 20 96
0 759 20 100
0 759 20 101
0 759 20 102
0 759 21 66
0 759 21 67
0 759 21 68
0 759 21 69
0 759 21 70
0 759 21 72
0 759 21 73
0 759 21 74
0 759 21 76
0 759 21 77
0 759 21 78
0 759 21 79
0 759 21 80
0 759 21 81
0 759 21 82
0 759 21 83
0 759 21 84
0 759 21 85
0 759 21 94
0 759 21 95
0 759 21 96
0 759 21 97
0 759 21 99
0 759 21 100
0 759 21 101
0 759 21 102
0 759 22 67
0 759 22 68
0 759 22 69
0 759 22 70
0 759 22 71
0 759 22 72
0 759 22 73
0 759 22 74
0 759 22 76
0 759 22 77
0 759 22 78
0 759 22 79
0 759 22 80
0 759 22 81
0 759 22 82
0 759 22 83
0 759 22 84
0 759 22 93
0 759 22 94
0 759 22 95
0 759 22 96
0 759 22 100
0 759 22 101
0 759 22 102
0 759 23 71
0 759 23 72
0 759 23 73
0 759 23 74
0 759 23 75
0 759 23 76
0 759 23 77
0 759 23 78
0 759 23 79
0 759 23 80
0 759 23 92
0 759 23 93
0 759 23 94
0 759 23 98
0 759 23 99
0 759 23 100
0 759 23 101
0 759 23 102
0 759 24 73
0 759 24 74
0 759 24 75
0 759 24 76
0 759 24 77
0 759 24 78
0 759 24 92
0 759 24 93
0 759 24 94
0 759 24 95
0 759 24 96
0 759 24 97
0 759 24 98
0 759 24 101
0 759 24 102
0 759 25 93
0 759 25 94
0 759 25 95
0 759 25 97
0 759 25 98
0 759 25 99
0 759 26 95
0 759 26 96
0 759 26 97
0 759 26 98
0 759 26 99
0 759 26 100
0 759 26 101
0 759 26 102
0 759 27 97
0 759 27 99
0 759 27 100
0 759 27 101
0 759 27 102
0 759 28 99
0 759 28 100
0 759 28 101
0 759 28 102
0 759 29 68
0 759 29 69
0 759 29 70
0 759 29 71
0 759 29 72
0 759 29 73
0 759 29 74
0 759 29 75
0 759 29 76
0 759 29 77
0 759 29 78
0 759 29 79
0 759 29 80
0 759 29 81
0 759 29 101
0 759 29 102
0 759 30 66
0 759 30 67
0 759 30 68
0 759 30 69
0 759 30 70
0 759 30 71
0 759 30 72
0 759 30 73
0 759 30 74
0 759 30 75
0 759 30 76
0 759 30 77
0 759 30 78
0 759 30 80
0 759 30 81
0 759 30 82
0 759 31 66
0 759 31 67
0 759 31 69
0 759 31 70
0 759 31 71
0 759 31 72
0 759 31 75
0 759 31 76
0 759 31 78
0 759 31 79
0 759 31 80
0 759 31 81
0 759 31 82
0 759 32 66
0 759 32 67
0 759 32 68
0 759 32 69
0 759 32 70
0 759 32 71
0 759 32 73
0 759 32 74
0 759 32 75
0 759 32 76
0 759 32 77
0 759 32 79
0 759 32 80
0 759 32 81
0 759 33 68
0 759 33 69
0 759 33 70
0 759 33 71
0 759 33 72
0 759 33 73
0 759 33 74
0 759 33 75
0 759 33 76
0 759 33 77
0 759 33 80
0 759 33 81
0 759 33 82
0 759 34 68
0 759 34 69
0 759 34 70
0 759 34 71
0 759 34 72
0 759 34 74
0 759 34 76
0 759 34 77
0 759 34 78
0 759 34 79
0 759 34 80
0 759 35 70
0 759 35 71
0 759 35 72
0 759 35 73
0 759 35 74
0 759 35 75
0 759 35 76
0 759 35 77
0 759 35 78
0 759 35 79
0 759 47 31
0 759 47 32
0 759 47 33
0 759 47 34
0 759 47 35
0 759 47 36
0 759 48 31
0 759 48 32
0 759 48 33
0 759 48 34
0 759 48 35
0 759 48 36
0 759 48 37
0 759 48 38
0 759 48 39
0 759 48 119
0 759 48 120
0 759 49 31
0 759 49 32
0 759 49 33
0 759 49 34
0 759 49 35
0 759 49 36
0 759 49 37
0 759 49 38
0 759 49 39
0 759 49 117
0 759 49 118
0 759 49 119
0 759 49 120
0 759 49 121
0 759 50 32
0 759 50 33
0 759 50 34
0 759 50 35
0 759 50 36
0 759 50 37
0 759 50 38
0 759 50 39
0 759 50 89
0 759 50 116
0 759 50 117
0 759 50 118
0 759 50 119
0 759 50 120
0 759 50 121
0 759 50 122
0 759 51 32
0 759 51 33
0 759 51 34
0 759 51 35
0 759 51 36
0 759 51 37
0 759 51 38
0 759 51 39
0 759 51 40
0 759 51 115
0 759 51 116
0 759 51 117
0 759 51 118
0 759 51 119
0 759 51 120
0 759 51 121
0 759 51 122
0 759 52 32
0 759 52 33
0 759 52 34
0 759 52 35
0 759 52 36
0 759 52 37
0 759 52 38
0 759 52 39
0 759 52 40
0 759 52 116
0 759 52 117
0 759 52 118
0 759 52 120
0 759 52 121
0 759 52 122
0 759 53 32
0 759 53 33
0 759 53 34
0 759 53 35
0 759 53 36
0 759 53 37
0 759 53 38
0 759 53 39
0 759 53 40
0 759 53 106
0 759 53 115
0 759 53 116
0 759 53 117
0 759 53 118
0 759 53 120
0 759 53 121
0 759 53 122
0 759 54 32
0 759 54 33
0 759 54 34
0 759 54 35
0 759 54 36
0 759 54 37
0 759 54 38
0 759 54 39
0 759 54 40
0 759 54 94
0 759 54 103
0 759 54 106
0 759 54 114
0 759 54 115
0 759 54 116
0 759 54 117
0 759 54 118
0 759 54 119
0 759 54 120
0 759 54 121
0 759 54 122
0 759 55 33
0 759 55 34
0 759 55 35
0 759 55 36
0 759 55 37
0 759 55 38
0 759 55 39
0 759 55 94
0 759 55 100
0 759 55 101
0 759 55 103
0 759 55 104
0 759 55 106
0 759 55 113
0 759 55 114
0 759 55 115
0 759 55 116
0 759 55 117
0 759 55 119
0 759 55 120
0 759 55 121
0 759 55 122
0 759 56 33
0 759 56 34
0 759 56 35
0 759 56 36
0 759 56 37
0 759 56 38
0 759 56 39
0 759 56 94
0 759 56 99
0 759 56 100
0 759 56 101
0 759 56 102
0 759 56 103
0 759 56 104
0 759 56 105
0 759 56 106
0 759 56 111
0 759 56 112
0 759 56 113
0 759 56 114
0 759 56 115
0 759 56 116
0 759 56 117
0 759 56 118
0 759 56 119
0 759 56 120
0 759 56 121
0 759 56 122
0 759 57 34
0 759 57 35
0 759 57 36
0 759 57 37
0 759 57 38
0 759 57 39
0 759 57 94
0 759 57 98
0 759 57 99
0 759 57 100
0 759 57 101
0 759 57 103
0 759 57 105
0 759 57 106
0 759 57 110
0 759 57 111
0 759 57 112
0 759 57 113
0 759 57 114
0 759 57 115
0 759 57 117
0 759 57 118
0 759 57 119
0 759 57 121
0 759 57 122
0 759 58 36
0 759 58 37
0 759 58 38
0 759 58 39
0 759 58 94
0 759 58 95
0 759 58 98
0 759 58 99
0 759 58 100
0 759 58 101
0 759 58 103
0 759 58 104
0 759 58 105
0 759 58 106
0 759 58 110
0 759 58 111
0 759 58 112
0 759 58 113
0 759 58 115
0 759 58 116
0 759 58 118
0 759 58 119
0 759 58 121
0 759 58 122
0 759 59 37
0 759 59 38
0 759 59 39
0 759 59 40
0 759 59 94
0 759 59 99
0 759 59 100
0 759 59 101
0 759 59 103
0 759 59 104
0 759 59 105
0 759 59 106
0 759 59 110
0 759 59 111
0 759 59 112
0 759 59 113
0 759 59 115
0 759 59 116
0 759 59 117
0 759 59 118
0 759 59 119
0 759 59 120
0 759 59 121
0 759 59 122
0 759 60 39
0 759 60 40
0 759 60 94
0 759 60 99
0 759 60 100
0 759 60 101
0 759 60 102
0 759 60 103
0 759 60 104
0 759 60 105
0 759 60 106
0 759 60 110
0 759 60 111
0 759 60 112
0 759 60 113
0 759 60 115
0 759 60 116
0 759 60 117
0 759 60 118
0 759 60 120
0 759 60 121
0 759 60 122
0 759 61 40
0 759 61 94
0 759 61 99
0 759 61 100
0 759 61 101
0 759 61 102
0 759 61 103
0 759 61 104
0 759 61 105
0 759 61 106
0 759 61 110
0 759 61 111
0 759 61 112
0 759 61 115
0 759 61 116
0 759 61 117
0 759 61 120
0 759 61 121
0 759 61 122
0 759 62 94
0 759 62 98
0 759 62 99
0 759 62 100
0 759 62 101
0 759 62 103
0 759 62 104
0 759 62 105
0 759 62 106
0 759 62 107
0 759 62 110
0 759 62 111
0 759 62 112
0 759 62 113
0 759 62 115
0 759 62 116
0 759 62 118
0 759 62 120
0 759 62 121
0 759 62 122
0 759 63 94
0 759 63 98
0 759 63 99
0 759 63 100
0 759 63 101
0 759 63 102
0 759 63 105
0 759 63 110
0 759 63 111
0 759 63 112
0 759 63 113
0 759 63 114
0 759 63 115
0 759 63 116
0 759 63 118
0 759 63 119
0 759 63 120
0 759 63 121
0 759 63 122
0 759 64 94
0 759 64 98
0 759 64 99
0 759 64 100
0 759 64 101
0 759 64 102
0 759 64 103
0 759 64 104
0 759 64 105
0 759 64 106
0 759 64 110
0 759 64 111
0 759 64 113
0 759 64 114
0 759 64 115
0 759 64 117
0 759 64 118
0 759 64 119
0 759 64 120
0 759 64 121
0 759 64 122
0 759 65 94
0 759 65 99
0 759 65 100
0 759 65 101
0 759 65 102
0 759 65 104
0 759 65 105
0 759 65 106
0 759 65 110
0 759 65 111
0 759 65 112
0 759 65 113
0 759 65 114
0 759 65 116
0 759 65 117
0 759 65 119
0 759 65 120
0 759 65 121
0 759 65 122
0 759 66 94
0 759 66 95
0 759 66 100
0 759 66 101
0 759 66 102
0 759 66 103
0 759 66 104
0 759 66 105
0 759 66 106
0 759 66 111
0 759 66 112
0 759 66 113
0 759 66 114
0 759 66 115
0 759 66 116
0 759 66 117
0 759 66 119
0 759 66 120
0 759 66 121
0 759 66 122
0 759 67 94
0 759 67 95
0 759 67 101
0 759 67 102
0 759 67 103
0 759 67 104
0 759 67 105
0 759 67 112
0 759 67 113
0 759 67 114
0 759 67 115
0 759 67 116
0 759 67 117
0 759 67 118
0 759 67 120
0 759 67 121
0 759 67 122
0 759 68 94
0 759 68 95
0 759 68 103
0 759 68 104
0 759 68 114
0 759 68 115
0 759 68 116
0 759 68 117
0 759 68 120
0 759 68 121
0 759 68 122
0 759 69 94
0 759 69 95
0 759 69 115
0 759 69 116
0 759 69 119
0 759 69 120
0 759 69 121
0 759 69 122
0 759 70 92
0 759 70 93
0 759 70 94
0 759 70 95
0 759 70 117
0 759 70 120
0 759 70 121
0 759 70 122
0 759 71 92
0 759 71 93
0 759 71 94
0 759 71 95
0 759 71 117
0 759 71 118
0 759 71 119
0 759 71 120
0 759 71 121
0 759 72 90
0 759 72 91
0 759 72 92
0 759 72 93
0 759 72 94
0 759 72 118
0 759 72 119
0 759 72 120
0 759 72 121
0 759 73 90
0 759 73 91
0 759 73 93
0 759 73 94
0 759 73 117
0 759 73 118
0 759 73 119
0 759 73 120
0 759 73 121
0 759 74 90
0 759 74 91
0 759 74 93
0 759 74 94
0 759 97 68
0 759 97 69
0 759 97 70
0 759 97 71
0 759 97 72
0 759 97 73
0 759 97 74
0 759 97 75
0 759 97 76
0 759 97 77
0 759 97 78
0 759 97 79
0 759 97 80
0 759 97 81
0 759 97 82
0 759 97 83
0 759 97 84
0 759 97 85
0 759 97 86
0 759 98 67
0 759 98 68
0 759 98 69
0 759 98 70
0 759 98 71
0 759 98 72
0 759 98 73
0 759 98 74
0 759 98 75
0 759 98 76
0 759 98 77
0 759 98 78
0 759 98 79
0 759 98 80
0 759 98 81
0 759 98 82
0 759 98 83
0 759 98 84
0 759 98 85
0 759 98 86
0 759 98 87
0 759 98 88
0 759 99 67
0 759 99 68
0 759 99 69
0 759 99 70
0 759 99 71
0 759 99 74
0 759 99 75
0 759 99 78
0 759 99 79
0 759 99 80
0 759 99 81
0 759 99 82
0 759 99 83
0 759 99 84
0 759 99 85
0 759 99 86
0 759 99 87
0 759 99 88
0 759 99 89
0 759 100 63
0 759 100 64
0 759 100 70
0 759 100 72
0 759 100 74
0 759 100 75
0 759 100 77
0 759 100 78
0 759 100 79
0 759 100 80
0 759 100 85
0 759 100 86
0 759 100 88
0 759 100 89
0 759 101 62
0 759 101 63
0 759 101 70
0 759 101 71
0 759 101 72
0 759 101 74
0 759 101 75
0 759 101 77
0 759 101 78
0 759 101 79
0 759 101 80
0 759 101 81
0 759 101 82
0 759 101 83
0 759 101 84
0 759 101 85
0 759 101 86
0 759 101 87
0 759 101 88
0 759 101 89
0 759 101 90
0 759 102 61
0 759 102 63
0 759 102 64
0 759 102 70
0 759 102 71
0 759 102 72
0 759 102 74
0 759 102 75
0 759 102 76
0 759 102 77
0 759 102 79
0 759 102 80
0 759 102 81
0 759 102 82
0 759 102 85
0 759 102 86
0 759 102 87
0 759 102 88
0 759 102 89
0 759 102 90
0 759 102 91
0 759 103 60
0 759 103 61
0 759 103 64
0 759 103 70
0 759 103 71
0 759 103 72
0 759 103 73
0 759 103 74
0 759 103 75
0 759 103 80
0 759 103 81
0 759 103 82
0 759 103 83
0 759 103 88
0 759 103 89
0 759 103 90
0 759 103 91
0 759 104 59
0 759 104 60
0 759 104 61
0 759 104 64
0 759 104 72
0 759 104 75
0 759 104 76
0 759 104 77
0 759 104 78
0 759 104 79
0 759 104 80
0 759 104 81
0 759 104 86
0 759 104 87
0 759 104 88
0 759 104 89
0 759 104 90
0 759 104 91
0 759 104 92
0 759 105 59
0 759 105 60
0 759 105 61
0 759 105 62
0 759 105 63
0 759 105 64
0 759 105 66
0 759 105 67
0 759 105 68
0 759 105 69
0 759 105 70
0 759 105 74
0 759 105 76
0 759 105 78
0 759 105 80
0 759 105 81
0 759 105 82
0 759 105 83
0 759 105 84
0 759 105 85
0 759 105 86
0 759 105 88
0 759 105 89
0 759 105 90
0 759 105 91
0 759 105 92
0 759 105 93
0 759 106 61
0 759 106 63
0 759 106 66
0 759 106 67
0 759 106 72
0 759 106 73
0 759 106 80
0 759 106 81
0 759 106 84
0 759 106 85
0 759 106 88
0 759 106 91
0 759 107 63
0 759 107 64
0 759 107 65
0 759 107 66
0 759 107 69
0 759 107 70
0 759 107 71
0 759 107 72
0 759 107 73
0 759 107 74
0 759 107 75
0 759 107 76
0 759 107 77
0 759 107 78
0 759 107 79
0 759 107 80
0 759 107 81
0 759 107 83
0 759 107 84
0 759 107 85
0 759 107 86
0 759 107 87
0 759 107 88
0 759 107 89
0 759 107 90
0 760 18 53
0 760 19 47
0 760 19 48
0 760 19 49
0 760 19 50
0 760 19 51
0 760 20 46
0 760 20 47
0 760 20 48
0 760 20 50
0 760 20 51
0 760 20 52
0 760 21 44
0 760 21 45
0 760 21 46
0 760 21 47
0 760 21 48
0 760 21 50
0 760 21 51
0 760 21 52
0 760 22 43
0 760 22 44
0 760 22 45
0 760 22 46
0 760 22 47
0 760 22 48
0 760 22 50
0 760 22 51
0 760 22 52
0 760 23 42
0 760 23 43
0 760 23 44
0 760 23 45
0 760 23 46
0 760 23 49
0 760 23 50
0 760 23 51
0 760 23 52
0 760 24 41
0 760 24 42
0 760 24 47
0 760 24 48
0 760 24 49
0 760 24 50
0 760 24 51
0 760 24 52
0 760 25 41
0 760 25 42
0 760 25 43
0 760 25 44
0 760 25 46
0 760 25 47
0 760 25 50
0 760 25 51
0 760 25 52
0 760 26 39
0 760 26 40
0 760 26 41
0 760 26 43
0 760 26 44
0 760 26 45
0 760 26 48
0 760 26 49
0 760 26 50
0 760 26 51
0 760 26 52
0 760 27 38
0 760 27 39
0 760 27 40
0 760 27 41
0 760 27 42
0 760 27 43
0 760 27 46
0 760 27 47
0 760 27 48
0 760 27 49
0 760 27 50
0 760 27 51
0 760 28 37
0 760 28 38
0 760 28 39
0 760 28 40
0 760 28 43
0 760 28 44
0 760 28 46
0 760 28 48
0 760 28 49
0 760 28 50
0 760 29 37
0 760 29 38
0 760 29 40
0 760 29 43
0 760 29 44
0 760 29 45
0 760 29 48
0 760 29 49
0 760 29 50
0 760 30 37
0 760 30 38
0 760 30 39
0 760 30 40
0 760 30 43
0 760 30 45
0 760 30 47
0 760 30 48
0 760 30 49
0 760 31 37
0 760 31 38
0 760 31 40
0 760 31 42
0 760 31 43
0 760 31 46
0 760 31 47
0 760 31 48
0 760 32 36
0 760 32 37
0 760 32 38
0 760 32 39
0 760 32 42
0 760 32 44
0 760 32 46
0 760 32 47
0 760 33 34
0 760 33 35
0 760 33 36
0 760 33 37
0 760 33 38
0 760 33 39
0 760 33 40
0 760 33 41
0 760 33 42
0 760 33 43
0 760 33 44
0 760 33 45
0 760 33 46
0 760 34 34
0 760 34 35
0 760 34 36
0 760 34 38
0 760 34 40
0 760 34 43
0 760 34 44
0 760 34 45
0 760 35 34
0 760 35 35
0 760 35 36
0 760 35 38
0 760 35 39
0 760 35 41
0 760 35 42
0 760 35 43
0 760 35 44
0 760 35 45
0 760 36 34
0 760 36 35
0 760 36 38
0 760 36 39
0 760 36 40
0 760 36 41
0 760 36 42
0 760 36 43
0 760 36 44
0 760 37 32
0 760 37 33
0 760 37 34
0 760 37 35
0 760 37 37
0 760 37 38
0 760 37 40
0 760 37 41
0 760 37 42
0 760 37 43
0 760 38 32
0 760 38 33
0 760 38 34
0 760 38 36
0 760 38 39
0 760 38 40
0 760 38 41
0 760 38 42
0 760 39 32
0 760 39 33
0 760 39 34
0 760 39 36
0 760 39 38
0 760 39 39
0 760 39 40
0 760 39 41
0 760 39 42
0 760 39 71
0 760 39 72
0 760 39 73
0 760 39 74
0 760 39 75
0 760 39 76
0 760 39 77
0 760 39 78
0 760 39 79
0 760 40 34
0 760 40 36
0 760 40 37
0 760 40 38
0 760 40 39
0 760 40 40
0 760 40 41
0 760 40 66
0 760 40 67
0 760 40 68
0 760 40 69
0 760 40 70
0 760 40 71
0 760 40 72
0 760 40 73
0 760 40 74
0 760 40 75
0 760 40 76
0 760 40 77
0 760 40 78
0 760 40 79
0 760 40 80
0 760 40 81
0 760 40 82
0 760 40 83
0 760 40 84
0 760 41 36
0 760 41 37
0 760 41 39
0 760 41 40
0 760 41 63
0 760 41 64
0 760 41 65
0 760 41 66
0 760 41 67
0 760 41 68
0 760 41 69
0 760 41 70
0 760 41 71
0 760 41 72
0 760 41 73
0 760 41 74
0 760 41 75
0 760 41 76
0 760 41 77
0 760 41 78
0 760 41 79
0 760 41 80
0 760 41 81
0 760 41 82
0 760 41 83
0 760 41 84
0 760 42 61
0 760 42 62
0 760 42 63
0 760 42 64
0 760 42 65
0 760 42 66
0 760 42 67
0 760 42 68
0 760 42 69
0 760 42 70
0 760 42 71
0 760 42 72
0 760 42 73
0 760 42 74
0 760 42 77
0 760 42 78
0 760 42 79
0 760 42 80
0 760 42 81
0 760 42 82
0 760 42 83
0 760 42 84
0 760 42 85
0 760 42 86
0 760 43 60
0 760 43 61
0 760 43 62
0 760 43 63
0 760 43 64
0 760 43 65
0 760 43 66
0 760 43 67
0 760 43 68
0 760 43 85
0 760 43 86
0 760 43 87
0 760 43 88
0 760 44 59
0 760 44 60
0 760 44 61
0 760 44 62
0 760 44 63
0 760 44 64
0 760 44 65
0 760 44 87
0 760 44 88
0 760 44 89
0 760 45 58
0 760 45 59
0 760 45 60
0 760 45 61
0 760 45 88
0 760 45 89
0 760 46 58
0 760 46 59
0 760 46 60
0 760 46 61
0 760 46 88
0 760 46 89
0 760 46 90
0 760 47 56
0 760 47 57
0 760 47 58
0 760 47 59
0 760 47 60
0 760 47 61
0 760 47 89
0 760 47 90
0 760 48 56
0 760 48 57
0 760 48 58
0 760 48 59
0 760 48 60
0 760 48 89
0 760 48 90
0 760 48 91
0 760 49 54
0 760 49 55
0 760 49 56
0 760 49 57
0 760 49 58
0 760 49 59
0 760 49 90
0 760 49 91
0 760 50 43
0 760 50 44
0 760 50 45
0 760 50 46
0 760 50 47
0 760 50 55
0 760 50 56
0 760 50 57
0 760 50 58
0 760 50 59
0 760 51 43
0 760 51 44
0 760 51 45
0 760 51 46
0 760 51 47
0 760 51 48
0 760 51 49
0 760 51 50
0 760 51 55
0 760 51 56
0 760 51 57
0 760 51 58
0 760 52 43
0 760 52 44
0 760 52 46
0 760 52 47
0 760 52 48
0 760 52 49
0 760 52 50
0 760 52 55
0 760 52 56
0 760 52 57
0 760 52 58
0 760 53 43
0 760 53 44
0 760 53 45
0 760 53 46
0 760 53 47
0 760 53 48
0 760 53 49
0 760 53 55
0 760 53 56
0 760 53 57
0 760 53 58
0 760 54 43
0 760 54 44
0 760 54 46
0 760 54 48
0 760 54 49
0 760 54 50
0 760 54 55
0 760 54 56
0 760 54 57
0 760 54 58
0 760 55 43
0 760 55 44
0 760 55 45
0 760 55 46
0 760 55 47
0 760 55 48
0 760 55 49
0 760 55 50
0 760 55 51
0 760 55 55
0 760 55 56
0 760 55 57
0 760 55 58
0 760 56 43
0 760 56 44
0 760 56 45
0 760 56 46
0 760 56 47
0 760 56 48
0 760 56 49
0 760 56 50
0 760 56 51
0 760 56 55
0 760 56 56
0 760 56 57
0 760 56 58
0 760 57 43
0 760 57 44
0 760 57 45
0 760 57 46
0 760 57 48
0 760 57 49
0 760 57 50
0 760 57 55
0 760 57 56
0 760 57 57
0 760 58 43
0 760 58 44
0 760 58 46
0 760 58 47
0 760 58 48
0 760 58 49
0 760 58 50
0 760 58 55
0 760 58 56
0 760 58 57
0 760 59 43
0 760 59 44
0 760 59 45
0 760 59 46
0 760 59 47
0 760 59 48
0 760 59 49
0 760 59 50
0 760 59 55
0 760 59 56
0 760 59 57
0 760 60 43
0 760 60 44
0 760 60 45
0 760 60 46
0 760 60 48
0 760 60 49
0 760 60 50
0 760 60 55
0 760 60 56
0 760 60 57
0 760 60 58
0 760 61 43
0 760 61 44
0 760 61 47
0 760 61 48
0 760 61 49
0 760 61 50
0 760 61 55
0 760 61 56
0 760 61 57
0 760 61 58
0 760 62 43
0 760 62 44
0 760 62 46
0 760 62 47
0 760 62 48
0 760 62 49
0 760 62 55
0 760 62 56
0 760 62 57
0 760 62 58
0 760 63 44
0 760 63 45
0 760 63 46
0 760 63 47
0 760 63 55
0 760 82 36
0 760 83 32
0 760 83 33
0 760 83 34
0 760 83 35
0 760 83 36
0 760 83 37
0 760 83 38
0 760 84 31
0 760 84 32
0 760 84 33
0 760 84 38
0 760 84 39
0 760 84 71
0 760 84 72
0 760 84 73
0 760 84 74
0 760 84 75
0 760 84 76
0 760 84 77
0 760 84 78
0 760 84 79
0 760 85 31
0 760 85 32
0 760 85 33
0 760 85 38
0 760 85 39
0 760 85 40
0 760 85 69
0 760 85 70
0 760 85 71
0 760 85 73
0 760 85 74
0 760 85 75
0 760 85 76
0 760 85 78
0 760 85 79
0 760 85 80
0 760 85 81
0 760 86 31
0 760 86 32
0 760 86 33
0 760 86 38
0 760 86 40
0 760 86 41
0 760 86 67
0 760 86 68
0 760 86 69
0 760 86 70
0 760 86 73
0 760 86 75
0 760 86 76
0 760 86 79
0 760 86 80
0 760 86 82
0 760 86 83
0 760 87 31
0 760 87 32
0 760 87 33
0 760 87 38
0 760 87 39
0 760 87 40
0 760 87 66
0 760 87 67
0 760 87 68
0 760 87 69
0 760 87 70
0 760 87 72
0 760 87 73
0 760 87 75
0 760 87 76
0 760 87 77
0 760 87 78
0 760 87 80
0 760 87 81
0 760 87 83
0 760 87 84
0 760 88 31
0 760 88 32
0 760 88 33
0 760 88 35
0 760 88 36
0 760 88 37
0 760 88 38
0 760 88 39
0 760 88 40
0 760 88 41
0 760 88 42
0 760 88 43
0 760 88 66
0 760 88 67
0 760 88 69
0 760 88 70
0 760 88 71
0 760 88 72
0 760 88 73
0 760 88 74
0 760 88 76
0 760 88 77
0 760 88 78
0 760 88 80
0 760 88 81
0 760 88 84
0 760 89 32
0 760 89 33
0 760 89 34
0 760 89 35
0 760 89 36
0 760 89 37
0 760 89 38
0 760 89 39
0 760 89 41
0 760 89 44
0 760 89 45
0 760 89 65
0 760 89 66
0 760 89 67
0 760 89 68
0 760 89 73
0 760 89 74
0 760 89 75
0 760 89 77
0 760 89 78
0 760 89 83
0 760 89 84
0 760 89 85
0 760 90 33
0 760 90 34
0 760 90 35
0 760 90 36
0 760 90 37
0 760 90 38
0 760 90 39
0 760 90 40
0 760 90 41
0 760 90 42
0 760 90 43
0 760 90 44
0 760 90 45
0 760 90 46
0 760 90 66
0 760 90 67
0 760 90 72
0 760 90 73
0 760 90 75
0 760 90 76
0 760 90 77
0 760 90 78
0 760 90 79
0 760 90 80
0 760 90 81
0 760 90 82
0 760 90 83
0 760 90 84
0 760 90 85
0 760 91 34
0 760 91 35
0 760 91 36
0 760 91 37
0 760 91 38
0 760 91 40
0 760 91 41
0 760 91 42
0 760 91 44
0 760 91 45
0 760 91 46
0 760 91 47
0 760 91 48
0 760 91 65
0 760 91 66
0 760 91 67
0 760 91 68
0 760 91 69
0 760 91 70
0 760 91 71
0 760 91 72
0 760 91 73
0 760 91 76
0 760 91 78
0 760 91 81
0 760 91 82
0 760 91 83
0 760 91 84
0 760 91 85
0 760 91 86
0 760 92 36
0 760 92 38
0 760 92 39
0 760 92 40
0 760 92 41
0 760 92 42
0 760 92 43
0 760 92 44
0 760 92 47
0 760 92 48
0 760 92 49
0 760 92 50
0 760 92 67
0 760 92 68
0 760 92 69
0 760 92 70
0 760 92 71
0 760 92 72
0 760 92 73
0 760 92 74
0 760 92 75
0 760 92 76
0 760 92 77
0 760 92 78
0 760 92 79
0 760 92 80
0 760 92 81
0 760 92 82
0 760 92 83
0 760 92 84
0 760 92 85
0 760 92 86
0 760 92 87
0 760 93 37
0 760 93 38
0 760 93 40
0 760 93 41
0 760 93 42
0 760 93 43
0 760 93 44
0 760 93 46
0 760 93 48
0 760 93 49
0 760 93 50
0 760 93 51
0 760 93 68
0 760 93 69
0 760 93 70
0 760 93 71
0 760 93 72
0 760 93 73
0 760 93 74
0 760 93 76
0 760 93 77
0 760 93 78
0 760 93 79
0 760 93 80
0 760 93 81
0 760 93 82
0 760 93 83
0 760 93 86
0 760 93 87
0 760 94 38
0 760 94 39
0 760 94 40
0 760 94 43
0 760 94 44
0 760 94 46
0 760 94 47
0 760 94 51
0 760 94 52
0 760 95 40
0 760 95 41
0 760 95 43
0 760 95 44
0 760 95 46
0 760 95 48
0 760 95 49
0 760 95 50
0 760 95 51
0 760 95 52
0 760 95 53
0 760 95 54
0 760 96 40
0 760 96 41
0 760 96 42
0 760 96 44
0 760 96 46
0 760 96 47
0 760 96 48
0 760 96 49
0 760 96 50
0 760 96 51
0 760 96 52
0 760 96 53
0 760 96 54
0 760 97 41
0 760 97 42
0 760 97 43
0 760 97 44
0 760 97 45
0 760 97 46
0 760 97 47
0 760 97 48
0 760 97 49
0 760 97 51
0 760 97 53
0 760 97 54
0 760 98 43
0 760 98 44
0 760 98 45
0 760 98 46
0 760 98 48
0 760 98 50
0 760 98 51
0 760 98 53
0 760 98 54
0 760 99 44
0 760 99 45
0 760 99 46
0 760 99 47
0 760 99 48
0 760 99 51
0 760 99 52
0 760 99 53
0 760 99 54
0 760 100 44
0 760 100 45
0 760 100 46
0 760 100 47
0 760 100 48
0 760 100 49
0 760 100 50
0 760 100 52
0 760 100 53
0 760 101 46
0 760 101 47
0 760 101 48
0 760 101 49
0 760 101 50
0 760 101 51
0 760 101 52
0 760 101 53
0 760 102 50
0 760 102 51
0 760 102 52
0 760 102 53
0 838 10 96
0 838 10 97
0 838 11 95
0 838 11 96
0 838 12 95
0 838 13 94
0 838 13 95
0 838 14 94
0 838 15 93
0 838 15 94
0 838 16 93
0 838 17 92
0 838 17 93
0 838 18 91
0 838 18 92
0 838 19 90
0 838 19 91
0 838 20 89
0 838 20 90
0 838 21 88
0 838 21 89
0 838 22 87
0 838 22 88
0 838 23 86
0 838 23 87
0 838 24 84
0 838 24 85
0 838 24 86
0 838 25 82
0 838 25 83
0 838 25 84
0 838 26 61
0 838 26 62
0 838 26 64
0 838 26 65
0 838 26 66
0 838 26 67
0 838 26 68
0 838 26 69
0 838 26 70
0 838 26 71
0 838 26 72
0 838 26 73
0 838 26 74
0 838 26 80
0 838 26 81
0 838 26 82
0 838 26 83
0 838 26 84
0 838 27 62
0 838 27 74
0 838 27 75
0 838 27 76
0 838 27 77
0 838 27 78
0 838 27 79
0 838 27 80
0 838 27 84
0 838 28 62
0 838 28 63
0 838 28 84
0 838 28 85
0 838 29 63
0 838 29 85
0 838 30 63
0 838 30 85
0 838 31 63
0 838 31 85
0 838 31 86
0 838 32 63
0 838 32 86
0 838 33 63
0 838 33 64
0 838 33 86
0 838 34 64
0 838 34 86
0 838 34 87
0 838 35 64
0 838 35 87
0 838 36 63
0 838 36 64
0 838 36 87
0 838 37 63
0 838 37 87
0 838 37 88
0 838 38 62
0 838 38 63
0 838 38 88
0 838 39 62
0 838 39 88
0 838 39 89
0 838 40 60
0 838 40 61
0 838 40 62
0 838 40 89
0 838 40 124
0 838 41 59
0 838 41 60
0 838 41 89
0 838 41 90
0 838 41 122
0 838 41 123
0 838 41 124
0 838 42 28
0 838 42 29
0 838 42 30
0 838 42 57
0 838 42 58
0 838 42 59
0 838 42 90
0 838 42 120
0 838 42 121
0 838 42 122
0 838 43 56
0 838 43 57
0 838 43 90
0 838 43 91
0 838 43 119
0 838 43 120
0 838 44 33
0 838 44 54
0 838 44 55
0 838 44 56
0 838 44 91
0 838 44 92
0 838 44 93
0 838 44 117
0 838 44 118
0 838 44 119
0 838 45 40
0 838 45 54
0 838 45 93
0 838 45 94
0 838 45 95
0 838 45 115
0 838 45 116
0 838 45 117
0 838 46 41
0 838 46 44
0 838 46 45
0 838 46 52
0 838 46 53
0 838 46 54
0 838 46 114
0 838 46 115
0 838 47 45
0 838 47 46
0 838 47 47
0 838 47 48
0 838 47 49
0 838 47 50
0 838 47 51
0 838 47 52
0 838 47 114
0 838 48 51
0 838 48 52
0 838 48 113
0 838 49 52
0 838 49 112
0 838 49 113
0 838 50 52
0 838 50 112
0 838 51 52
0 838 51 111
0 838 51 112
0 838 52 52
0 838 52 111
0 838 53 52
0 838 53 53
0 838 53 111
0 838 54 53
0 838 54 110
0 838 54 111
0 838 55 53
0 838 55 110
0 838 56 53
0 838 56 109
0 838 56 110
0 838 57 53
0 838 57 109
0 838 58 53
0 838 58 109
0 838 59 53
0 838 59 108
0 838 59 109
0 838 60 53
0 838 60 108
0 838 61 53
0 838 61 108
0 838 62 53
0 838 62 108
0 838 63 53
0 838 63 108
0 838 63 109
0 838 64 109
0 838 65 109
0 838 66 109
0 838 67 109
0 838 68 108
0 838 68 109
0 838 69 108
0 838 70 108
0 838 71 99
0 838 71 100
0 838 71 101
0 838 71 102
0 838 71 103
0 838 71 104
0 838 71 105
0 838 71 106
0 838 71 108
0 838 72 106
0 838 72 107
0 838 72 108
0 838 72 109
0 838 73 45
0 838 73 46
0 838 73 47
0 838 73 48
0 838 73 49
0 838 73 50
0 838 73 51
0 838 73 52
0 838 73 108
0 838 73 109
0 838 74 44
0 838 74 45
0 838 74 52
0 838 74 109
0 838 74 110
0 838 75 42
0 838 75 43
0 838 75 44
0 838 75 53
0 838 75 54
0 838 75 110
0 838 75 111
0 838 75 112
0 838 76 41
0 838 76 42
0 838 76 54
0 838 76 55
0 838 76 112
0 838 76 113
0 838 77 39
0 838 77 40
0 838 77 41
0 838 77 55
0 838 77 56
0 838 77 57
0 838 77 113
0 838 77 114
0 838 77 115
0 838 78 36
0 838 78 37
0 838 78 38
0 838 78 39
0 838 78 57
0 838 78 58
0 838 78 59
0 838 78 115
0 838 78 116
0 838 79 33
0 838 79 34
0 838 79 35
0 838 79 36
0 838 79 37
0 838 79 59
0 838 79 60
0 838 79 61
0 838 79 116
0 838 79 117
0 838 80 30
0 838 80 31
0 838 80 32
0 838 80 33
0 838 80 37
0 838 80 38
0 838 80 61
0 838 80 62
0 838 80 118
0 838 80 119
0 838 81 26
0 838 81 27
0 838 81 28
0 838 81 29
0 838 81 30
0 838 81 38
0 838 81 62
0 838 81 63
0 838 81 120
0 838 81 121
0 838 82 25
0 838 82 26
0 838 82 38
0 838 82 39
0 838 82 63
0 838 82 73
0 838 82 74
0 838 82 75
0 838 82 76
0 838 82 77
0 838 82 78
0 838 82 121
0 838 82 122
0 838 83 39
0 838 83 40
0 838 83 63
0 838 83 65
0 838 83 66
0 838 83 67
0 838 83 68
0 838 83 69
0 838 83 70
0 838 83 71
0 838 83 72
0 838 83 73
0 838 83 123
0 838 83 124
0 838 84 40
0 838 84 41
0 838 84 63
0 838 84 64
0 838 84 65
0 838 84 124
0 838 85 41
0 838 85 42
0 838 85 63
0 838 85 64
0 838 86 42
0 838 86 43
0 838 86 62
0 838 86 63
0 838 87 43
0 838 87 44
0 838 87 62
0 838 88 44
0 838 88 45
0 838 88 46
0 838 88 61
0 838 88 62
0 838 89 46
0 838 89 47
0 838 89 48
0 838 89 61
0 838 90 48
0 838 90 49
0 838 90 50
0 838 90 61
0 838 91 50
0 838 91 51
0 838 91 52
0 838 91 61
0 838 92 52
0 838 92 53
0 838 92 54
0 838 92 60
0 838 92 61
0 838 93 54
0 838 93 60
0 838 94 54
0 838 94 55
0 838 94 56
0 838 94 57
0 838 94 58
0 838 94 59
0 838 94 60
0 838 94 61
0 838 94 62
0 838 94 63
0 838 94 64
0 838 94 65
0 838 94 66
0 838 94 67
0 838 94 68
0 838 94 69
0 838 95 59
0 838 95 60
0 838 95 61
0 838 95 63
0 838 95 69
0 838 95 70
0 838 95 71
0 838 95 72
0 838 95 73
0 838 95 74
0 838 95 75
0 838 95 76
0 838 95 77
0 838 95 78
0 838 95 79
0 838 95 80
0 838 95 81
0 838 95 82
0 838 96 59
0 838 96 82
0 838 96 83
0 838 96 84
0 838 96 85
0 838 96 86
0 838 96 87
0 838 96 88
0 838 96 89
0 838 96 90
0 838 96 91
0 838 97 59
0 838 97 91
0 838 97 92
0 838 98 58
0 838 98 59
0 838 98 92
0 838 99 57
0 838 99 58
0 838 99 92
0 838 99 93
0 838 100 57
0 838 100 93
0 838 101 56
0 838 101 57
0 838 101 93
0 838 101 94
0 838 102 56
0 838 102 94
0 838 103 55
0 838 103 56
0 838 103 94
0 838 103 95
0 838 104 55
0 838 104 95
0 838 105 54
0 838 105 55
0 838 105 95
0 838 105 96
0 838 106 53
0 838 106 54
0 838 106 96
0 838 107 52
0 838 107 53
0 838 107 96
0 838 107 97
0 838 108 50
0 838 108 51
0 838 108 52
0 838 108 97
0 838 109 49
0 838 109 50
0 838 109 97
0 838 109 98